5eb85efa147457f4455dbb8080aa14ce784a3bdd,Bruno Oliveira,2018-09-04 18:58:00 -0300,3707,testing/python/metafunc.py,0,3
f63c683faa85c2a30b0bb2c584484d9b814a2018,Bruno Oliveira,2018-09-05 10:20:25 -0300,3936,src/_pytest/warnings.py;testing/test_warnings.py,1;16,1;0
ddb308455ae615d23bf3a494f84a5059c9ceb979,Bruno Oliveira,2018-09-05 09:01:29 -0300,,testing/test_mark.py,7,2
f42b5019ec3a3c2c12bd5321641950118e812dd9,Bruno Oliveira,2018-09-04 18:53:58 -0300,,src/_pytest/nodes.py,10,6
adc9ed85bcbfe3c3c499a7a2cf874583508213c1,Bruno Oliveira,2018-09-04 18:49:20 -0300,,testing/python/metafunc.py,1,1
4592def14d63aa32215bea548c53fc208a88fd10,Bruno Oliveira,2018-09-04 17:02:56 -0300,,testing/test_recwarn.py,3,3
2e0a7cf78dff53c534bf4aad2841ba8731051773,Bruno Oliveira,2018-09-04 17:01:23 -0300,,src/_pytest/hookspec.py;src/_pytest/warnings.py;testing/test_warnings.py,2;2;3,5;18;3
5a52acaa92b1c3d8dd04d1df7d9ebdcc9d9d397f,Bruno Oliveira,2018-09-04 16:55:52 -0300,,src/_pytest/python.py;testing/python/metafunc.py,3;2,3;2
6d497f2c77a6aac70611bcdf0c968e23d166935e,Bruno Oliveira,2018-09-04 16:50:24 -0300,,src/_pytest/python.py,1,2
b7560a88084cb7812059a616c5ec757b46bb45b0,Bruno Oliveira,2018-09-04 16:48:21 -0300,,src/_pytest/nodes.py;testing/test_config.py,10;8,2;3
d3ca739c00d6560ccab84a3f94814094ba87b55a,Bruno Oliveira,2018-09-04 16:29:48 -0300,,src/_pytest/assertion/rewrite.py;src/_pytest/config/__init__.py;src/_pytest/deprecated.py;src/_pytest/fixtures.py;src/_pytest/python.py;testing/deprecated_test.py,2;5;1;4;4;3,2;4;1;2;2;3
3db76ccf3d83e9ea2f4aa4640623f580a87f3ac5,Bruno Oliveira,2018-09-04 15:52:44 -0300,,src/_pytest/cacheprovider.py,5,4
438f7a12545915cd5a5d638a0daa64fcfc295492,Bruno Oliveira,2018-09-04 15:22:07 -0300,,src/_pytest/hookspec.py;src/_pytest/warnings.py;testing/test_warnings.py,5;28;32,2;6;4
47bf58d69e3995f0eb04ecb268a9c19e52c52ed5,Bruno Oliveira,2018-09-04 15:07:52 -0300,,src/_pytest/deprecated.py;src/_pytest/junitxml.py;src/_pytest/mark/structures.py;src/_pytest/nodes.py;src/_pytest/pytester.py;src/_pytest/python.py;testing/test_config.py;testing/test_mark.py;testing/test_nodes.py,1;2;1;40;1;5;1;1;1,1;4;1;5;1;5;1;1;1
5ef51262f7f8db58efd10800e8335a71d3b1cb4a,Bruno Oliveira,2018-09-04 15:06:14 -0300,,testing/test_cacheprovider.py,3,1
a054aa47978770aa9c12e1b244615816c3bbe052,Bruno Oliveira,2018-09-04 14:45:48 -0300,,src/_pytest/assertion/rewrite.py,1,1
f1cfd10c94f0d62f868ed00a7406c9fe91426173,Bruno Oliveira,2018-09-04 14:44:02 -0300,,testing/test_cacheprovider.py,2,0
022c58bf640a014a1c78b872840d9fa5fbeba084,Bruno Oliveira,2018-09-04 14:26:34 -0300,,src/_pytest/warnings.py,1,1
b42518acd5c8f7d8d034bd47addd06c36b062b48,Bruno Oliveira,2018-09-04 14:20:42 -0300,,src/_pytest/config/__init__.py;src/_pytest/deprecated.py;src/_pytest/fixtures.py;src/_pytest/junitxml.py;src/_pytest/mark/structures.py;src/_pytest/nodes.py;src/_pytest/pytester.py;src/_pytest/python.py;src/_pytest/warning_types.py;src/_pytest/warnings.py;testing/acceptance_test.py;testing/deprecated_test.py;testing/python/metafunc.py;testing/test_mark.py;testing/test_nodes.py,4;13;2;2;7;14;3;15;3;3;1;2;4;5;11,5;4;1;3;5;12;5;18;0;3;1;1;4;1;0
284a2d110fa840610cfa6e05ec69e37ce31587cb,Bruno Oliveira,2018-09-04 13:46:33 -0300,,src/_pytest/cacheprovider.py,1,1
9ae0a3cd85bebc74c4b2f179b1b035358f9540bf,Bruno Oliveira,2018-09-04 13:41:11 -0300,,src/_pytest/assertion/rewrite.py;testing/test_assertion.py,1;12,1;3
615c6714341516df43134f997de3006a677359ae,Bruno Oliveira,2018-09-04 13:34:05 -0300,,src/_pytest/assertion/rewrite.py,1,1
016f8f153632f9338a5ff6f290a2239ed0c72f01,Bruno Oliveira,2018-09-04 11:48:11 -0300,,src/_pytest/nodes.py,1,0
e9417be9dfa17873ce3d16ae09187d5bfffda168,Bruno Oliveira,2018-09-04 11:31:03 -0300,,src/_pytest/warnings.py,1,0
c304998ed785debbaccb21aa21e8c6bd2148fc0e,Bruno Oliveira,2018-09-04 11:28:23 -0300,,src/_pytest/python.py,0,5
415a62e373d96be3aa28dd2dc2e2831940fd428c,Bruno Oliveira,2018-09-04 11:15:39 -0300,,src/_pytest/pytester.py;src/_pytest/warning_types.py;src/pytest.py,1;1;2,1;1;2
8ce3aeadbfc4c88c785ff2d86c644a1e5ea4d1b1,Bruno Oliveira,2018-09-04 10:48:11 -0300,,src/_pytest/pytester.py;src/_pytest/warning_types.py;src/pytest.py,4;17;3,2;0;1
56d414177adb0194c52d5e994eef7fe264c5e82a,Bruno Oliveira,2018-09-03 20:13:41 -0300,,src/_pytest/assertion/rewrite.py;src/_pytest/deprecated.py;src/_pytest/junitxml.py;src/_pytest/pytester.py;src/_pytest/terminal.py;testing/test_assertrewrite.py;testing/test_junitxml.py;testing/test_warnings.py,4;2;2;1;21;10;1;2,3;2;3;1;6;5;4;5
0fffa6ba2f5458a22778551db7bf64b1fbd4f5b3,Bruno Oliveira,2018-09-03 19:27:46 -0300,2891,src/_pytest/config/__init__.py;src/_pytest/config/findpaths.py;src/_pytest/hookspec.py;src/_pytest/resultlog.py;src/_pytest/warnings.py;testing/deprecated_test.py,6;20;14;2;17;3,4;19;2;2;0;15
60499d221e0b051bb392a4b43e32311df0143184,Bruno Oliveira,2018-09-03 17:56:18 -0300,,testing/test_warnings.py,40,0
9965ed84da81130681ad8d56085c25110e5dda78,Bruno Oliveira,2018-09-03 17:52:44 -0300,2908,src/_pytest/warnings.py;testing/python/collect.py;testing/test_warnings.py,8;20;73,0;23;0
208dd3aad1a094b8066d7ba374700035afde27ce,Bruno Oliveira,2018-09-03 13:36:12 -0300,2477,src/_pytest/warning_types.py;src/pytest.py,19;6,3;1
19a01c9849978517b6213dd3d679fb23951c6cc8,Bruno Oliveira,2018-09-03 13:14:57 -0300,,src/_pytest/config/__init__.py;src/_pytest/python.py;src/_pytest/warning_types.py;src/pytest.py;testing/test_assertrewrite.py;testing/test_mark.py,2;3;0;29;1;1,2;7;4;27;2;1
78ac7d99f5d8fab0353078a9eccd334780a23e8d,Bruno Oliveira,2018-09-01 21:58:48 -0300,,src/_pytest/assertion/rewrite.py;src/_pytest/cacheprovider.py;src/_pytest/config/__init__.py;src/_pytest/config/findpaths.py;src/_pytest/fixtures.py;src/_pytest/junitxml.py;src/_pytest/nodes.py;src/_pytest/python.py;src/_pytest/resultlog.py;testing/acceptance_test.py;testing/deprecated_test.py;testing/python/collect.py;testing/python/metafunc.py;testing/test_assertion.py;testing/test_assertrewrite.py;testing/test_cacheprovider.py;testing/test_config.py;testing/test_junitxml.py;testing/test_resultlog.py;testing/test_warnings.py,14;7;23;18;6;5;30;14;3;1;22;11;2;2;4;1;22;5;3;1,7;3;3;9;2;2;4;6;1;1;6;3;2;1;8;0;15;1;0;1
0c8dbdcd92d0f1d4355d1929d0497bb22d598e6e,Bruno Oliveira,2018-09-01 17:10:26 -0300,,src/_pytest/config/__init__.py;src/_pytest/deprecated.py;src/_pytest/mark/structures.py;src/_pytest/python.py;src/_pytest/warning_types.py;src/_pytest/warnings.py;testing/deprecated_test.py;testing/python/metafunc.py;testing/test_terminal.py,8;1;1;20;1;8;32;4;5,1;1;1;18;1;1;8;40;4
8e4501ee29771950f9a789fb66800590a7fa13a8,Bruno Oliveira,2018-08-30 21:09:39 -0300,,src/_pytest/mark/structures.py;src/_pytest/nodes.py;src/_pytest/python.py;testing/test_capture.py,7;1;5;4,4;1;1;3
0100f61b62411621f8c5f886221bcbbe6f094a16,Bruno Oliveira,2018-08-29 17:53:51 -0300,,src/_pytest/deprecated.py;src/_pytest/nodes.py;src/_pytest/python.py;src/_pytest/terminal.py;src/_pytest/warning_types.py;testing/test_mark.py,1;17;13;3;10;1,4;4;7;4;0;1
1a9d913ee1f9d1a56448f659649c96214f6d9645,Bruno Oliveira,2018-08-26 11:09:54 -0300,3251,src/_pytest/terminal.py;src/_pytest/warnings.py;testing/test_warnings.py,4;21;25,2;11;0
51e32cf7cc2906f24330081bc097cd80ba0acf14,Bruno Oliveira,2018-08-26 10:33:17 -0300,,src/_pytest/python.py,0,5
3fcc4cdbd54f135c2031f019a7503cba90dd5dd9,Bruno Oliveira,2018-08-25 22:15:22 -0300,,src/_pytest/hookspec.py;src/_pytest/nodes.py;src/_pytest/terminal.py;src/_pytest/warnings.py;testing/test_warnings.py,3;13;26;15;2,3;3;16;11;2
ffd47ceefcda22ef178e14c2f90698417a75fe33,Bruno Oliveira,2018-08-25 20:41:16 -0300,,src/_pytest/hookspec.py;src/_pytest/warnings.py;testing/test_warnings.py,19;31;19,0;31;0
10f21b423a5676311974d0870af841ebe344d340,Bruno Oliveira,2018-08-25 20:31:18 -0300,,src/_pytest/pytester.py,0,1
eec7081b8d6855b035fb11e9356283923d8fc366,Bruno Oliveira,2018-09-03 10:18:25 -0300,,src/_pytest/assertion/rewrite.py,1,1
b01704cce13bbb65e60b809ccb9fd58b6a8821ee,CrazyMerlyn,2018-09-02 20:42:47 +0000,3913,src/_pytest/config/argparsing.py;testing/acceptance_test.py,15;5,0;0
a13c6a84dfc5aa592176ecd728339bedb5aca0f7,Bruno Oliveira,2018-09-02 10:01:02 -0300,3219,src/_pytest/outcomes.py,24,8
90c00dfd542a5d95b0534502ccc2fe72e8909ed7,Bruno Oliveira,2018-09-01 12:03:28 -0300,,src/_pytest/config/__init__.py,3,1
4675912d89ec8749abcacba5522e32122a52407b,Bruno Oliveira,2018-09-01 10:59:21 -0300,,src/_pytest/assertion/rewrite.py;src/_pytest/main.py;testing/test_assertrewrite.py,24;1;93,7;1;14
75d29acc06e10f6a5f2bbe672299b7733aee8ac4,Bruno Oliveira,2018-09-01 08:48:47 -0300,,doc/en/conf.py,1,1
d53e449296e214ab09632c4305f4ea3368d0b303,Fabio Zadrozny,2018-08-31 12:27:08 -0300,3918,src/_pytest/assertion/rewrite.py;src/_pytest/main.py,55;3,15;2
2256f2f04d9d073ca1c3e53deb6e6d6d6966c68d,Bruno Oliveira,2018-08-31 08:01:55 -0300,,testing/test_cacheprovider.py,7,14
96aad2983b590c10a87f4cde6cbb0a9f08f9937b,Bruno Oliveira,2018-08-30 21:16:35 -0300,,setup.py;src/_pytest/terminal.py,1;10,1;9
c18a5b5179f724e7046742bae60da51dc74469d4,wim glenn,2018-08-30 19:06:20 -0500,,setup.py;src/_pytest/terminal.py,1;12,1;5
29c5ac71bc3da35ed631719a43af4c45652d62aa,wim glenn,2018-08-29 22:58:04 -0500,,setup.py;src/_pytest/terminal.py,1;3,1;5
3035b2724db117264ce49a336b1aed5c201025ef,dhirensr,2018-08-30 16:01:42 +0530,,src/_pytest/cacheprovider.py;testing/test_cacheprovider.py,6;12,9;7
8ef21f56d35dc70000018387d7b6ae99660ff608,Steve Piercy,2018-08-28 14:42:16 -0700,,testing/deprecated_test.py,1,1
103d980b2d3969fc9aa59ef7514b36c91260d809,Steve Piercy,2018-08-28 14:41:13 -0700,,src/_pytest/warnings.py,1,1
28c3ef1c7713e62b0ef392c1000d8c0f1d892fcc,Steve Piercy,2018-08-28 14:40:20 -0700,,src/_pytest/terminal.py,1,1
67c3c28877548b6d3a3c83d1dc090d9760120b14,Steve Piercy,2018-08-28 14:39:32 -0700,,src/_pytest/skipping.py,2,2
e040fd20a379b4e9be4de71ce61e0d31216ee87c,Steve Piercy,2018-08-28 14:38:55 -0700,,src/_pytest/python.py,4,3
bde3d1a0cde50be7beee8428fd7d614e73f4b6b7,Steve Piercy,2018-08-28 14:34:39 -0700,,setup.py,1,1
4b94760c8e32400cce807eef132e40499e871a50,Jeffrey Rackauckas,2018-08-27 20:23:17 -0700,,src/_pytest/terminal.py;testing/test_terminal.py,5;7,16;7
82a7ca96152b9b17285fcffc70cc88d5df7990a6,Bruno Oliveira,2018-08-27 20:51:16 -0300,3506,src/_pytest/assertion/rewrite.py;testing/test_assertrewrite.py,10;29,1;0
29e114b463946a2bc394c695be1b6885df8ed964,Bruno Oliveira,2018-08-27 19:27:51 -0300,,testing/python/fixture.py,1,0
ab5af524a454585bc6ce02374964f198cbcf8670,Jiri Kuncar,2018-08-27 15:34:56 +0200,3888,src/_pytest/doctest.py,2,1
8f4685e02479c051db62ee2cf00c074b5e7ce026,Jeffrey Rackauckas,2018-08-26 19:21:00 -0700,,src/_pytest/terminal.py;testing/test_terminal.py,15;3,6;3
1e8e17c01e6bd36ce2c70dd161e2279c3fcbaaf5,Anthony Sottile,2018-08-26 16:13:22 -0700,,testing/code/test_code.py;testing/code/test_source.py,15;5,14;8
47bb53f5cbd93119431235e41e525978daaa2fad,Bruno Oliveira,2018-08-26 18:08:19 -0300,3853,src/_pytest/cacheprovider.py;testing/test_cacheprovider.py,1;13,1;0
6991a16edb751f61cc50f4e204f498dd1a7463b4,Bruno Oliveira,2018-08-26 17:12:55 -0300,3883,src/_pytest/terminal.py;testing/test_terminal.py,3;50,3;3
2a917a582ed21e679e310dc37b964439d2ee7bad,Jeffrey Rackauckas,2018-08-25 22:21:50 -0700,,testing/test_terminal.py,0,1
325319dc3b27febe63b6e2ea59bf6e4923207529,Jeffrey Rackauckas,2018-08-25 22:18:29 -0700,,testing/test_terminal.py,7,0
b0541e9d317f40390c9bbc69af2e8a8a426502df,Bruno Oliveira,2018-08-25 18:17:52 -0300,,testing/test_monkeypatch.py;testing/test_pytester.py,9;0,5;51
f872fcb5d0ba99bce5b1017c067d3b18ecccf15c,Bruno Oliveira,2018-08-25 17:33:29 -0300,,testing/test_pluginmanager.py,1,3
de6f2c0336a03e34ed5b060f13c3932e9710db14,Bruno Oliveira,2018-08-25 11:09:43 -0300,3773,src/_pytest/pytester.py;src/_pytest/python.py;testing/example_scripts/collect/collect_init_tests/tests/__init__.py;testing/example_scripts/collect/collect_init_tests/tests/test_foo.py;testing/test_collection.py,3;13;2;2;14,1;4;0;0;0
c336449729659ede3f3f2535172f911a8c268b86,turturica,2018-08-24 18:05:35 -0700,,src/_pytest/fixtures.py,0,1
1e4ecda8845dcf32bdfd395063b797a91d54e80d,turturica,2018-08-24 18:01:38 -0700,,src/_pytest/fixtures.py,1,1
8cf0e46bbf51bcf1d95019ce7c4d501e8cc4b7d7,turturica,2018-08-24 16:23:50 -0700,,testing/python/collect.py,7,9
f0226e9329d364084be6bc22f0c11a8053ae9d9c,Bruno Oliveira,2018-08-24 20:10:37 -0300,,testing/python/collect.py,7,7
dce8df45d5b86c7b20802ee790a8c6da2ecd55cb,turturica,2018-08-24 15:51:42 -0700,,testing/python/fixture.py,2,2
e3df1031ca2662763a5d9ad7d9282e62accb8821,turturica,2018-08-24 12:26:18 -0700,,testing/python/fixture.py,1,0
459b040d2179ba6af0a8c51c1134a9979331959c,turturica,2018-08-24 11:54:04 -0700,,testing/python/fixture.py,4,4
5fefc48f3332c7143d6f1ce5d4e70dc933100319,Jeffrey Rackauckas,2018-08-23 23:00:02 -0700,,testing/test_terminal.py,5,3
72e6482994974741ddc2058807cf4d3f7b771ced,turturica,2018-08-23 22:58:36 -0700,,src/_pytest/python.py,5,2
93f783228c3dfebd77a53e1d2e5fa81b49ae107a,Jeffrey Rackauckas,2018-08-23 22:56:25 -0700,,src/_pytest/terminal.py;testing/test_terminal.py,18;35,4;0
5f8b50c0946b17d5ee5054066cd2ee6dd75e187b,turturica,2018-08-23 22:48:44 -0700,3796,src/_pytest/python.py;testing/python/fixture.py,6;68,4;0
99e31f6fb17177b60046dd2fc44c0a313cf4b8aa,Anthony Sottile,2018-08-23 18:55:21 -0700,,src/_pytest/assertion/rewrite.py;src/_pytest/assertion/util.py;testing/test_capture.py,6;2;3,8;2;3
85482d575e6a868c829fe6f9b9d9fe3a6cab4a53,Anthony Sottile,2018-08-23 09:06:17 -0700,,testing/acceptance_test.py;testing/code/test_code.py;testing/code/test_excinfo.py;testing/python/collect.py;testing/python/fixture.py;testing/python/metafunc.py;testing/test_assertrewrite.py;testing/test_cacheprovider.py;testing/test_capture.py;testing/test_collection.py;testing/test_config.py;testing/test_conftest.py;testing/test_doctest.py;testing/test_terminal.py,10;3;4;69;217;9;7;36;48;7;18;93;24;12,10;6;4;68;219;9;7;36;47;7;18;96;24;12
7099ea9bb0a4fa2b03d3793729bf7cf3254aa04f,Anthony Sottile,2018-08-22 19:28:42 -0700,,src/_pytest/fixtures.py;src/_pytest/runner.py;testing/code/test_excinfo.py,2;4;1,2;4;1
dccac69d82b5677bcd8ec7775a12b0d13f6e69ac,Anthony Sottile,2018-08-22 19:26:11 -0700,,testing/test_assertion.py,2,1
c2cd3378864ba5e3756413e41042b30742030f04,Anthony Sottile,2018-08-22 19:24:33 -0700,,bench/empty.py;doc/en/example/assertion/failure_demo.py;src/_pytest/_code/code.py;src/_pytest/assertion/rewrite.py;src/_pytest/python_api.py;src/_pytest/recwarn.py;testing/code/test_source.py;testing/test_assertrewrite.py,2;2;2;1;3;3;3;2,2;2;1;1;3;3;3;1
0fc4a806e517ed64717df107a9dca3995326a06f,Anthony Sottile,2018-08-22 19:21:00 -0700,,src/_pytest/outcomes.py;src/_pytest/python.py;testing/code/test_code.py;testing/code/test_excinfo.py;testing/python/metafunc.py;testing/test_assertion.py;testing/test_assertrewrite.py;testing/test_capture.py;testing/test_junitxml.py,1;1;2;4;2;6;2;4;1,2;1;3;3;6;6;4;3;1
4d3c1ab4f09ad352b9b0a274f0d802826771e4ed,turturica,2018-08-22 21:42:59 -0700,3854,src/_pytest/python.py;testing/python/collect.py,10;37,5;0
0d65783dce057dbfb276d1d7867037a8467dd20f,Anthony Sottile,2018-08-22 19:00:43 -0700,,src/_pytest/_code/_py2traceback.py,8,8
8bb8b913570f215a9bff505799418ef9034609ec,Anthony Sottile,2018-08-22 18:30:42 -0700,,doc/en/example/assertion/global_testmodule_config/conftest.py;doc/en/example/multipython.py;testing/acceptance_test.py;testing/code/test_excinfo.py;testing/test_argcomplete.py;testing/test_assertrewrite.py;testing/test_helpconfig.py;testing/test_parseopt.py;testing/test_pdb.py;testing/test_terminal.py,1;26;3;1;1;1;3;1;4;2,1;23;3;1;1;1;1;1;2;2
cd07c4d4ffad1c9a6fa1c1d8857e7aee1290ccf8,Ondřej Súkup,2018-08-22 23:49:40 +0200,,testing/example_scripts/acceptance/fixture_mock_integration.py,4,1
917b99e4382626505296e94201dd7f6b253cdd78,wim glenn,2018-08-22 13:40:21 -0500,,src/_pytest/config/argparsing.py,5,2
b08e156b7943db70a94f96943312b912730504aa,wim glenn,2018-08-22 11:27:36 -0500,,testing/test_pytester.py,1,1
8e2c7b4979e12429641e91acd46b3357ceecddf2,wim glenn,2018-08-22 11:00:51 -0500,3848,testing/test_pytester.py,6,1
89446af51ec723cb628f6d2cf16f10ae2628e25d,wim glenn,2018-08-22 00:42:10 -0500,,src/_pytest/pytester.py,12,14
07a560ff246a28e4ab8567404d7f55afb40a3c36,Bruno Oliveira,2018-08-21 20:55:45 -0300,3843,src/_pytest/main.py;testing/acceptance_test.py,4;10,3;0
223eef6261ef31393452694fcec257f8a389fd94,Sankt Petersbug,2018-08-20 14:25:01 -0500,3816,src/_pytest/terminal.py;testing/test_terminal.py,5;40,0;0
70ebab3537f52163989df6ca6832d6dbb77f41bf,Victor,2018-08-20 17:48:14 +0200,,src/_pytest/capture.py;src/_pytest/debugging.py;src/_pytest/setuponly.py;testing/test_capture.py,4;1;1;4,4;1;1;4
d611b035891f481570721d105d392db642412368,Victor,2018-08-20 12:23:59 +0200,,testing/test_capture.py,36,16
539a22c750e2232ca6f0664976a4940e65c48ef5,wim glenn,2018-08-20 01:10:44 -0500,,src/_pytest/pytester.py;testing/test_pytester.py,14;51,4;0
e620798d33346187005b44ab0ff96decd5b5e95a,wim glenn,2018-08-19 23:11:31 -0500,,src/_pytest/pytester.py,12,8
7ea4992f169edf84eec10735be688523759d4543,victor,2018-08-19 15:46:02 +0200,,src/_pytest/capture.py;testing/logging/test_reporting.py;testing/test_capture.py,1;0;5,2;1;3
0564b52c0e1ecdce87b98f902091f3e06a01cc13,victor,2018-08-19 15:26:57 +0200,,src/_pytest/debugging.py;src/_pytest/setuponly.py;testing/logging/test_reporting.py;testing/test_capture.py,2;2;0;8,1;1;4;4
8b2c91836b507727141b12b1f47c8d29ef744d1e,victor,2018-08-19 14:30:50 +0200,,src/_pytest/capture.py,4,6
9e382e8d29f0563925eedb3dc5139aaee72a1e1c,victor,2018-08-19 14:29:57 +0200,,testing/test_capture.py,24,14
2255892d65810cc4db2b82e2621ed313a0c47f7f,victor,2018-08-19 13:44:12 +0200,,testing/test_capture.py,33,4
7d9b198f734f7d1968c88476545da29fb90c1040,victor,2018-08-19 02:32:36 +0200,,src/_pytest/capture.py,77,58
f4c5994d27287e1ac2440a4ae17032f272208cb3,Bruno Oliveira,2018-08-18 14:32:10 -0300,3033,src/_pytest/capture.py;testing/test_capture.py,28;28,8;20
c24c7e75e26516e032c750d49cec2b840fb128cf,Tyler Richard,2017-12-26 10:25:25 -0800,,testing/test_capture.py,20,0
273670b2a204f950df93d87baff26b04a47c0400,Tyler Richard,2017-12-20 10:28:50 -0800,,src/_pytest/capture.py,0,1
5cf7d1dba21b51d4d20dc61b5a2f50bf5fc4fbf0,Bruno Oliveira,2018-08-18 11:36:24 -0300,,src/_pytest/capture.py;src/_pytest/logging.py;testing/logging/test_reporting.py,7;1;1,6;1;1
f674217c43c21f17b3693ce8b7b0e5bd06de2197,Bruno Oliveira,2018-08-18 11:15:58 -0300,,src/_pytest/capture.py;src/_pytest/compat.py;src/_pytest/logging.py,2;8;3,7;0;7
9f7345d6639f803330835febee2694ceb925e08a,Bruno Oliveira,2018-08-18 11:08:03 -0300,,src/_pytest/capture.py,3,0
eb2d0745301d597b7ef03450bea29c509237d60a,victor,2018-08-18 14:27:09 +0200,,src/_pytest/capture.py;src/_pytest/logging.py,1;5,1;1
9fa7745795afd20e116cdd8ae93211a32054697b,victor,2018-08-18 13:40:08 +0200,,src/_pytest/capture.py;src/_pytest/logging.py,8;1,7;5
14db2f91ba5e94ebf55c55000b0da1e3b755cc26,victor,2018-08-18 12:16:47 +0200,,src/_pytest/capture.py,17,17
c3e494f6cf2fe7de97090193d0a96d4f499083c7,Vlad Shcherbina,2018-08-18 01:05:30 +0300,3826,src/_pytest/fixtures.py,2,2
090f67a980adb7460d8600b6e49f7719c7c6e870,Victor,2018-08-17 13:41:26 +0200,,src/_pytest/capture.py;src/_pytest/logging.py;testing/logging/test_reporting.py,21;5;7,10;7;17
3059bfb1b3a45ab517da945acf74fe20abcad5a4,Victor,2018-08-17 13:00:27 +0200,,testing/test_capture.py,3,0
e391c47ed8e6b4e68ec6e97b2ea3195a198e218f,Victor,2018-08-17 00:44:15 +0200,,testing/logging/test_reporting.py,8,0
2b71cb9c381effaea13fa00c096a8f4c76a663b5,Victor,2018-08-17 00:26:12 +0200,,src/_pytest/capture.py;src/_pytest/logging.py,14;2,2;0
da9d814da43a32f9eb3924e5b5618a80d7786731,Victor,2018-08-17 00:20:51 +0200,,testing/test_capture.py,28,0
17644ff285a30aa43ec4c02c167fbdf4ad47a291,Anthony Sottile,2018-08-11 08:54:48 -0700,,src/_pytest/_code/code.py;testing/code/test_excinfo.py,3;45,1;0
212ee450b7836a4f2ab5e8626c521d5febcf94fe,Sankt Petersbug,2018-08-14 20:29:42 -0500,,testing/test_warnings.py,2,2
6367f0f5f19185ae031e465fca904298b124b880,Sankt Petersbug,2018-08-14 16:07:29 -0500,,src/_pytest/warnings.py;testing/test_warnings.py,8;15,0;0
abbd7c30a43b56106fb323892311b9d4ba7a3105,Josh Holland,2018-08-11 20:48:55 +0100,3746,src/_pytest/python.py,2,1
e92893ed2443840058a1ed3321e471b319534f62,turturica,2018-08-10 17:29:30 -0700,,testing/python/collect.py,40,0
27b5435a40384a7e5b2ba85a9916774d171c4d66,Bruno Oliveira,2018-08-10 18:18:07 -0300,,testing/test_collection.py,7,4
50db718a6a0ea09be107f6bf9e9aa1a7002a91de,turturica,2018-08-10 13:57:29 -0700,,testing/test_collection.py,4,0
bfd0addaeb29d25e88cbc56fb529b2181d401308,turturica,2018-08-10 12:56:08 -0700,3768;3789,src/_pytest/python.py,10,15
be11d3e19526148716b49705369cf0d2eeaf31a8,Bruno Oliveira,2018-08-10 12:49:06 -0300,,src/_pytest/config/argparsing.py,7,7
266f05c4c4ce981bfa7a1d2266380380aaf4bb72,turturica,2018-08-09 18:28:22 -0700,3751,src/_pytest/main.py;testing/test_collection.py,3;1,2;1
d0bd01beca0308cfb263ec7f44c9acf0933a1fc0,turturica,2018-08-09 18:06:38 -0700,,src/_pytest/python.py,1,0
67106f056b0633b35dd4a080ef120fa61b55cf37,Bruno Oliveira,2018-08-09 09:20:37 -0300,,src/_pytest/compat.py;src/_pytest/fixtures.py;testing/test_compat.py,14;2;2,2;1;4
051db6a33d75e0aff4664be12eb85206ec9d8234,Wes Thomas,2018-08-08 18:18:18 -0500,,testing/test_unittest.py,1,1
aa358433b0d63655981e2bac112ab5a490927716,Wes Thomas,2018-08-08 18:13:21 -0500,,src/_pytest/unittest.py;testing/test_unittest.py,1;21,0;0
126896f69d065b46efbf55e6e2b30865ab4569c0,Virgil Dupras,2018-08-06 16:17:24 -0400,3784,src/_pytest/config/__init__.py;src/_pytest/helpconfig.py;testing/test_config.py,8;1;20,1;0;0
2c0d2eef40bf6393643f045ec1766e1b60ccc999,Bruno Oliveira,2018-08-04 16:35:24 -0300,3775,src/_pytest/config/__init__.py;testing/example_scripts/config/collect_pytest_prefix/conftest.py;testing/example_scripts/config/collect_pytest_prefix/test_foo.py;testing/test_config.py,5;2;2;18,0;0;0;0
ef8ec01e3979aff992d63540a0e36a957e133c76,Bruno Oliveira,2018-08-04 15:14:00 -0300,3774,src/_pytest/compat.py;src/_pytest/fixtures.py;testing/acceptance_test.py;testing/example_scripts/acceptance/fixture_mock_integration.py;testing/test_compat.py,7;4;7;17;32,0;3;0;0;0
fe0a76e1a61fab631ba21ca29a4cd13c71a3f807,Bruno Oliveira,2018-08-03 15:39:36 -0300,,src/_pytest/python.py,6,3
dcafb8c48ca42afd940db76ee48b72982f646bc0,Bruno Oliveira,2018-08-02 15:18:36 -0300,,testing/example_scripts/collect/package_infinite_recursion/conftest.py;testing/example_scripts/collect/package_infinite_recursion/tests/__init__.py;testing/example_scripts/collect/package_infinite_recursion/tests/test_basic.py;testing/python/collect.py,2;0;2;6,0;0;0;0
452e5c1cf02dc76900354732627e57300ccaadf2,Anthony Sottile,2018-08-01 15:09:25 -0700,,src/_pytest/assertion/rewrite.py;testing/test_assertrewrite.py,12;9,14;0
c6b11b9f6279fa6ee3ea91ae4f1d5ecfae67ce28,Bruno Oliveira,2018-07-31 22:09:19 -0300,3747,src/_pytest/compat.py;src/_pytest/fixtures.py;testing/deprecated_test.py;testing/python/fixture.py,15;13;0;3,0;14;1;4
b8255308d65d91a464991259b0b233dcc4969486,Kale Kundert,2018-08-01 12:08:03 -0700,,src/_pytest/python_api.py,3,1
a5c0fb7f6b8d6213111c70d07ace773e6e794614,Bruno Oliveira,2018-08-01 15:17:58 -0300,,src/_pytest/python_api.py,3,3
7d13599ba1ad61d4423bc60db14c46a742f1e3fe,Bruno Oliveira,2018-08-01 08:04:09 -0300,,src/_pytest/python_api.py,1,1
43664d784167011fabd5fb13398084504a6c4016,Bruno Oliveira,2018-08-01 07:34:08 -0300,,testing/python/approx.py,9,1
2a2f888909e31f4fc9d26593a4addffd75469dd0,Bruno Oliveira,2018-08-01 07:30:40 -0300,,src/_pytest/python_api.py,7,7
ad5ddaf55a71ebf640043d34c79cf3672c86be5c,Bruno Oliveira,2018-08-01 07:28:39 -0300,,src/_pytest/python_api.py,4,10
5003bae0de4e1dc3ded16950c24c2aad275c78a4,Bruno Oliveira,2018-08-01 07:07:37 -0300,,src/_pytest/python_api.py,2,2
6e32a1f73d91c6040960a6e84841cdcffb0393e5,Bruno Oliveira,2018-08-01 07:04:25 -0300,,testing/python/approx.py,14,15
611d254ed5725a098b308e7c18b58e7e670a3529,Bruno Oliveira,2018-08-01 07:01:00 -0300,,src/_pytest/python_api.py,21,20
57a8f208bc4369ebfc8cb7ac1445bed50108bdbf,Ronny Pfannschmidt,2018-08-01 11:43:46 +0200,3757,setup.py,3,3
fcdc1d867e25b212ca7681b70cbf785b2645ad06,Ronny Pfannschmidt,2018-08-01 08:25:37 +0200,3745,src/_pytest/cacheprovider.py;testing/test_cacheprovider.py,9;26,2;0
098dca3a9fda8dd6ed999e5e38d36877191690b5,Bruno Oliveira,2018-07-31 21:14:51 -0300,,src/_pytest/python_api.py,2,2
bf7c188cc0eeb14963d2006f705cdede126400cb,Bruno Oliveira,2018-07-31 21:08:24 -0300,,src/_pytest/python_api.py,3,1
8c9efd86087c36dda54cbe5284c1f804688bd443,Bruno Oliveira,2018-07-31 19:06:30 -0300,3751,src/_pytest/main.py;testing/test_collection.py,3;1,1;1
e1ad1a14af483af8df6979fbd61e842198c8996d,Bruno Oliveira,2018-07-31 17:50:55 -0300,3742,testing/example_scripts/fixtures/custom_item/conftest.py;testing/example_scripts/fixtures/custom_item/foo/__init__.py;testing/example_scripts/fixtures/custom_item/foo/test_foo.py;testing/python/fixture.py,10;0;2;5,0;0;0;0
d02491931ac4eee6d93d8853881c321619c460c3,Kale Kundert,2018-07-31 11:33:46 -0700,,src/_pytest/python_api.py,0,2
032db159c997e10cd8750fa817944d42fb108323,Kale Kundert,2018-07-31 11:23:23 -0700,,src/_pytest/python_api.py;testing/python/approx.py,34;10,22;7
cd2085ee718fb297537638bb33a70fc781ea450f,Kale Kundert,2018-07-31 00:26:35 -0700,,src/_pytest/python_api.py;testing/python/approx.py,49;7,19;0
ad305e71d7df867c49d074c8fab00fa9f51024a1,Kale Kundert,2018-07-30 23:26:57 -0700,,src/_pytest/python_api.py,9,5
7d8688d54b48daba9ec0bfdbaec8c054060c90dd,Kale Kundert,2018-07-30 23:22:06 -0700,,src/_pytest/python_api.py;testing/python/approx.py,9;12,5;10
8609f8d25a1f9a59df835bf51bdf86953c127f00,Bruno Oliveira,2018-07-30 14:25:29 -0300,,src/_pytest/deprecated.py;src/_pytest/hookspec.py,4;3,0;7
cf6d8e7e53f6fa4544e12d60b270c172a2e01ecf,Bruno Oliveira,2018-07-30 12:16:42 -0300,,src/_pytest/hookspec.py;testing/test_pluginmanager.py,9;1,2;0
535fd1f3117e0f7d72abc80bfe1faef7033146b5,abrammer,2018-07-29 23:12:04 -0400,,testing/python/approx.py,14,0
330640eb96bb70d9c7ce01841b22a87904cdc703,abrammer,2018-07-29 22:47:38 -0400,,testing/python/approx.py,42,15
e3d412d1f4d873bce356055e8c736a1220bed6bb,Bruno Oliveira,2018-07-29 21:30:49 -0300,2639,setup.py;src/_pytest/hookspec.py,1;13,1;2
7f27512a48de0c80c10b876e7d5282fe1c3bcd8a,Bruno Oliveira,2018-07-28 09:46:35 -0300,,setup.py,1,1
bf127a63b2583b2c899fcaa4a38061e590711e21,Kale Kundert,2018-07-27 11:24:42 -0700,,src/_pytest/python_api.py,1,1
d0ba242c46f2b4b08d7a02d302883b07906dcd08,Bruno Oliveira,2018-07-27 15:07:20 -0300,,src/_pytest/python_api.py,1,3
57b0c60cb4a083592cce04e8b383b55bf14a59dc,Bruno Oliveira,2018-07-26 20:10:40 -0300,,src/_pytest/pytester.py;testing/test_tmpdir.py,0;2,5;1
6e57d123bb240e4b3668fc4e422a6e0f01d08f17,Bruno Oliveira,2018-07-22 17:23:38 -0300,3707,testing/python/metafunc.py,3,0
011f88f7e77b8b2e6de01d2c5588dda47c77093b,Bruno Oliveira,2018-07-22 11:10:44 -0300,3661,src/_pytest/compat.py;src/_pytest/deprecated.py;src/_pytest/fixtures.py;src/_pytest/pytester.py;testing/deprecated_test.py;testing/example_scripts/tmpdir/tmpdir_fixture.py;testing/python/fixture.py;testing/test_assertion.py;testing/test_conftest.py;testing/test_tmpdir.py,1;6;51;5;14;7;6;6;1;3,0;0;1;0;0;0;3;7;3;28
f0db64ac2e1ba54281c62049f191f1bb2c3565e7,abrammer,2018-07-24 21:18:44 -0400,,src/_pytest/python_api.py;testing/python/approx.py,3;8,4;1
514ca6f4adcfe24efd0f221d7d00220275446f76,abrammer,2018-07-23 23:40:06 -0400,3695,testing/python/approx.py,14,0
2e344d4d63aaf32a759d602aee4e3f69a24e90dd,Bernhard M. Wiedemann,2018-07-23 15:02:59 +0200,,doc/en/conf.py,1,1
f5165064eedf852898ff0418f40e404a9b1eda19,Bruno Oliveira,2018-07-22 09:41:03 -0300,,src/_pytest/fixtures.py,1,7
c9a088130947dfb8453bbd0ccec6bd1de219fa18,Bruno Oliveira,2018-07-22 09:37:41 -0300,,src/_pytest/fixtures.py,17,9
516793339589b9278eb99da68dd21f4d9b2ab2c8,Bruno Oliveira,2018-07-22 09:27:34 -0300,,src/_pytest/fixtures.py,15,12
7bff5866b1dd7992d9bdcdce1bac41fe043760c1,Alan,2018-07-18 17:29:55 -0400,,src/_pytest/python_api.py,4,1
d2fe6191201139570501bdd8d213b05b6aeba732,Tadek Teleżyński,2018-07-14 16:05:50 +0200,,src/_pytest/_code/code.py;src/_pytest/nodes.py;testing/code/test_excinfo.py,8;6;12,1;0;0
58e77f58bd5bfea593daeaacc3f934b3c1dfbeb6,Vlad Shcherbina,2018-07-15 16:58:39 +0300,3635,src/_pytest/mark/structures.py,2,2
3e599dc1493fdc38819e96f0176ddde5e46b9622,Bruno Oliveira,2018-07-11 22:57:53 -0300,,src/_pytest/mark/structures.py;src/_pytest/python.py,13;4,1;13
54fbc6f6e1404dcd133f8e01d0fd09518664c3ad,Bruno Oliveira,2018-07-11 21:09:58 -0300,,src/_pytest/python.py,90,46
61301d934e5e08620c5f7be82384bc07d3d51ea9,Anthony Sottile,2018-07-08 16:57:18 -0700,,src/_pytest/compat.py;src/_pytest/config/__init__.py;testing/test_assertrewrite.py;testing/test_pytester.py,2;1;1;1,2;1;1;4
af0059079cb35372fe9fceeeb6bb183795ce3b7e,Anthony Sottile,2018-07-08 17:05:01 -0700,,testing/code/test_source.py,16,0
4ae93a7a078fc92d910b632a46a86cb779b3e2b7,Anthony Sottile,2018-07-08 08:35:53 -0700,,src/_pytest/_code/source.py;testing/python/raises.py;testing/test_assertrewrite.py;testing/test_capture.py,3;1;3;0,10;2;3;1
42bbb4fa8a43b913ce267454f417605f9744a95b,Anthony Sottile,2018-07-07 17:18:44 -0700,,src/_pytest/pytester.py;testing/test_pytester.py,1;5,8;0
027d2336b8d6de145e14a0eaaedacd04dca21c08,Bruno Oliveira,2018-07-05 21:54:02 -0300,,src/_pytest/fixtures.py,17,10
55ebf261ce9eee7d7dd67a332deb151747e8648e,Jean-Paul Calderone,2018-07-03 13:37:03 -0400,,src/_pytest/mark/structures.py,1,1
067de257e140ec4ec716368c69c80f9278743fb7,Jeffrey Rackauckas,2018-07-02 21:03:21 -0700,,testing/test_pdb.py,1,1
4a925ef5e9334c12ac6ad8b8146dec6d664b9945,Jeffrey Rackauckas,2018-07-02 20:29:59 -0700,,testing/test_pdb.py,1,1
4afb8c428b2541afae9a80983191a351e0edc3dd,Jeffrey Rackauckas,2018-07-02 20:20:42 -0700,,src/_pytest/debugging.py,3,1
2f1a2cf07f521abb6a226d01205a124ae516a334,Jeffrey Rackauckas,2018-07-02 19:55:08 -0700,,testing/test_pdb.py,0,2
6cc4fe2412047dcea25bf2735db5896684680284,Jeffrey Rackauckas,2018-07-02 19:53:46 -0700,,testing/test_pdb.py,1,1
10a8691ecade7ee3ebbf7223a9873bf83935f473,Jeffrey Rackauckas,2018-07-02 19:46:26 -0700,,src/_pytest/debugging.py;testing/test_pdb.py,24;21,23;0
b75320ba95e2033f7c12b400c0d587e989667d08,Jeffrey Rackauckas,2018-07-02 19:08:41 -0700,,src/_pytest/debugging.py,1,1
a43205b4bc572aad746b9fbd6f6701722d86bce1,T.E.A de Souza,2018-07-02 21:01:41 +0800,,src/_pytest/monkeypatch.py,1,1
bc268a58d13ab398fac9c3c7d651296426d2fbb2,Jeffrey Rackauckas,2018-07-01 20:22:50 -0700,,testing/test_pdb.py,1,0
0b704779309332de3937bfa94eb3eb0b43b055c3,Jeffrey Rackauckas,2018-07-01 20:18:00 -0700,,src/_pytest/debugging.py;testing/test_pdb.py,3;2,3;2
66fa6bb42ed511fb7e3628a61233f050597fb913,Jeffrey Rackauckas,2018-07-01 18:50:57 -0700,,src/_pytest/debugging.py,6,2
533f4cc10cf95933c532bac78e60bed38001ee52,Jeffrey Rackauckas,2018-06-30 21:36:27 -0700,,testing/test_pdb.py,2,2
a46b94950c7574f94315a29b661f38e4176e72b9,Jeffrey Rackauckas,2018-06-30 21:32:25 -0700,,src/_pytest/debugging.py,2,0
952bbefaac3836e4c4a8ae6e0919dabcb90a448a,Jeffrey Rackauckas,2018-06-30 18:26:58 -0700,,testing/test_pdb.py,17,0
54d3cd587d17534b9d969855c7019567d48aa528,Jeffrey Rackauckas,2018-06-30 18:09:06 -0700,,src/_pytest/debugging.py,29,3
dad3e773198a95e49a0b5a1e805bd0318c508996,victor,2018-06-30 18:57:24 +0200,,testing/logging/test_reporting.py,1,1
3a1c15316b55656ed57355dec27d223e378bf481,Victor,2018-06-30 16:11:20 +0200,,testing/logging/test_reporting.py,5,2
a6636fddcdcbb198e750f4097d5d0c08442e1f00,Victor,2018-06-29 17:04:30 +0200,,testing/logging/test_reporting.py,1,0
342f2cdc17d5030ddc59d88b647fbc4c732c502d,Victor,2018-06-29 16:09:39 +0200,3630,src/_pytest/logging.py;testing/logging/test_reporting.py,3;34,1;0
5bd5b8c68aed33ad6b74f79208ef012e0b16c232,Ronny Pfannschmidt,2018-06-29 11:35:43 +0200,3631,src/_pytest/mark/structures.py;testing/test_mark.py,1;13,1;0
0fd86ec8a815dc84522d4407c8b6aa912153663b,Ronny Pfannschmidt,2018-06-29 10:58:33 +0200,,src/_pytest/pytester.py;testing/example_scripts/fixtures/fill_fixtures/test_conftest_funcargs_only_available_in_subdir/sub1/__init__.py;testing/example_scripts/fixtures/fill_fixtures/test_conftest_funcargs_only_available_in_subdir/sub1/conftest.py;testing/example_scripts/fixtures/fill_fixtures/test_conftest_funcargs_only_available_in_subdir/sub1/test_in_sub1.py;testing/example_scripts/fixtures/fill_fixtures/test_conftest_funcargs_only_available_in_subdir/sub2/__init__.py;testing/example_scripts/fixtures/fill_fixtures/test_conftest_funcargs_only_available_in_subdir/sub2/conftest.py;testing/example_scripts/fixtures/fill_fixtures/test_conftest_funcargs_only_available_in_subdir/sub2/test_in_sub2.py;testing/example_scripts/fixtures/fill_fixtures/test_extend_fixture_conftest_conftest/conftest.py;testing/example_scripts/fixtures/fill_fixtures/test_extend_fixture_conftest_conftest/pkg/__init__.py;testing/example_scripts/fixtures/fill_fixtures/test_extend_fixture_conftest_conftest/pkg/conftest.py;testing/example_scripts/fixtures/fill_fixtures/test_extend_fixture_conftest_conftest/pkg/test_spam.py;testing/example_scripts/fixtures/fill_fixtures/test_extend_fixture_conftest_module/conftest.py;testing/example_scripts/fixtures/fill_fixtures/test_extend_fixture_conftest_module/test_extend_fixture_conftest_module.py;testing/example_scripts/fixtures/fill_fixtures/test_extend_fixture_module_class.py;testing/example_scripts/fixtures/fill_fixtures/test_funcarg_basic.py;testing/example_scripts/fixtures/fill_fixtures/test_funcarg_lookup_classlevel.py;testing/example_scripts/fixtures/fill_fixtures/test_funcarg_lookup_modulelevel.py;testing/example_scripts/fixtures/fill_fixtures/test_funcarg_lookupfails.py;testing/python/fixture.py,37;0;7;2;0;7;2;6;0;6;2;6;10;15;16;11;15;10;18,9;0;0;0;0;0;0;0;0;0;0;0;0;0;0;0;0;0;151
4ae7e9788c67cb723ccfa7f1a5987d6db451b27b,Ronny Pfannschmidt,2018-06-29 07:13:18 +0200,,testing/python/fixture.py,1,1
5582ad0445029672daf0f18fb12a3d940dbc6bb7,Ronny Pfannschmidt,2018-06-28 16:50:06 +0200,,testing/python/fixture.py,16,7
982b6140107c52c54e78df99293aa0e70a7d1619,Ronny Pfannschmidt,2018-06-28 16:08:23 +0200,,testing/python/fixture.py,20,30
7845ab4bc3e689a9e2e9c17a763da69d299adc47,Ronny Pfannschmidt,2018-06-28 14:36:35 +0200,,testing/python/fixture.py,40,32
c220fb235a08d1e5ae892c10566a350a8a08a89b,Serhii Mozghovyi,2018-06-28 14:53:06 +0300,,src/_pytest/fixtures.py,1,3
1dc5e97ac255b3a50b80b2a5400d7d467e952532,Serhii Mozghovyi,2018-06-28 14:32:29 +0300,,src/_pytest/fixtures.py;src/_pytest/python.py;testing/python/collect.py,50;5;31,9;0;0
581d49635e29c91084227f2263435a15606981b4,Ronny Pfannschmidt,2018-06-27 06:52:36 +0200,,src/_pytest/pytester.py,9,1
e860ff7299fa3618db73cffbadeb95b135754a08,Ronny Pfannschmidt,2018-06-26 22:59:40 +0200,,src/_pytest/pytester.py;testing/acceptance_test.py;testing/example_scripts/conftest_usageerror/conftest.py;testing/example_scripts/issue88_initial_file_multinodes/conftest.py;testing/example_scripts/issue88_initial_file_multinodes/test_hello.py;testing/examples/test_issue519.py,4;2;4;14;2;3,1;19;0;0;0;0
0672bc633ff64d33a529824686ae8402f419708d,Ronny Pfannschmidt,2018-06-26 22:48:33 +0200,,src/_pytest/pytester.py,9,0
2dfb52f7e069f128964ccd9b5af0ddd9b021648b,Ronny Pfannschmidt,2018-06-26 22:10:26 +0200,,src/_pytest/reports.py;src/_pytest/runner.py,10;0,6;40
cc6eb9f83c9a12cc4416ef03c022c3eb4bc2ee22,Ronny Pfannschmidt,2018-06-26 21:17:36 +0200,,src/_pytest/reports.py;src/_pytest/runner.py;testing/test_junitxml.py;testing/test_runner.py,192;37;2;5,0;189;3;5
643e5a9c445a8104e0eff4d3b0bef025bd342912,Ronny Pfannschmidt,2018-06-26 21:56:00 +0200,,src/_pytest/mark/structures.py,6,0
b8486037d3fc7c61c742ced91ef3109da1448439,Ronny Pfannschmidt,2018-06-21 08:00:23 +0200,3605,src/_pytest/mark/structures.py;src/_pytest/python.py;testing/test_mark.py,4;7;1,1;3;1
78a82c05ef8662afa79721807a112d29e3b7c1bc,Ronny Pfannschmidt,2018-06-20 22:44:19 +0200,,testing/test_mark.py,2,1
853975d93b72a08175a313d5c5c4958b5f55935b,Ronny Pfannschmidt,2018-06-20 22:36:04 +0200,3605,testing/test_mark.py,38,0
f940967e232c42fb4d091aba514f44e115bcc40f,Anthony Sottile,2018-06-24 19:09:09 -0700,,testing/code/test_source.py,2,2
cbaa7dd56a685c887e25d4c94b62aa49e8a6a0ca,Anthony Sottile,2018-06-26 06:35:27 -0700,,doc/en/example/assertion/failure_demo.py;doc/en/example/assertion/test_failures.py;doc/en/example/assertion/test_setup_flow_example.py;doc/en/example/costlysetup/conftest.py;doc/en/example/multipython.py;doc/en/example/nonpython/conftest.py;doc/en/example/py2py3/conftest.py;doc/en/example/pythoncollection.py;src/_pytest/_code/code.py;src/_pytest/_code/source.py;src/_pytest/assertion/rewrite.py;src/_pytest/assertion/util.py;src/_pytest/cacheprovider.py;src/_pytest/capture.py;src/_pytest/compat.py;src/_pytest/config/__init__.py;src/_pytest/config/argparsing.py;src/_pytest/config/exceptions.py;src/_pytest/config/findpaths.py;src/_pytest/debugging.py;src/_pytest/deprecated.py;src/_pytest/doctest.py;src/_pytest/fixtures.py;src/_pytest/helpconfig.py;src/_pytest/junitxml.py;src/_pytest/logging.py;src/_pytest/main.py;src/_pytest/mark/evaluate.py;src/_pytest/mark/structures.py;src/_pytest/monkeypatch.py;src/_pytest/nodes.py;src/_pytest/outcomes.py;src/_pytest/pytester.py;src/_pytest/python.py;src/_pytest/python_api.py;src/_pytest/recwarn.py;src/_pytest/resultlog.py;src/_pytest/runner.py;src/_pytest/skipping.py;src/_pytest/terminal.py;src/_pytest/unittest.py;src/_pytest/warnings.py;testing/acceptance_test.py;testing/code/test_code.py;testing/code/test_excinfo.py;testing/code/test_source.py;testing/deprecated_test.py;testing/logging/test_formatter.py;testing/logging/test_reporting.py;testing/python/approx.py;testing/python/collect.py;testing/python/fixture.py;testing/python/integration.py;testing/python/metafunc.py;testing/python/raises.py;testing/test_argcomplete.py;testing/test_assertion.py;testing/test_assertrewrite.py;testing/test_cacheprovider.py;testing/test_capture.py;testing/test_collection.py;testing/test_compat.py;testing/test_config.py;testing/test_conftest.py;testing/test_doctest.py;testing/test_junitxml.py;testing/test_mark.py;testing/test_monkeypatch.py;testing/test_nose.py;testing/test_parseopt.py;testing/test_pastebin.py;testing/test_pdb.py;testing/test_pluginmanager.py;testing/test_pytester.py;testing/test_recwarn.py;testing/test_runner.py;testing/test_session.py;testing/test_skipping.py;testing/test_terminal.py;testing/test_tmpdir.py;testing/test_unittest.py;testing/test_warnings.py,0;1;0;0;0;0;0;0;20;4;1;1;1;0;5;15;3;1;0;4;3;3;6;1;1;1;1;0;12;0;2;1;7;14;2;1;0;13;5;15;5;2;4;0;0;0;4;2;20;10;4;12;0;28;0;0;12;4;11;0;0;0;3;0;0;9;0;0;0;5;0;0;0;2;0;9;0;4;0;0;0;2,17;1;1;1;1;2;1;1;19;3;1;1;4;2;15;10;5;0;1;4;1;12;8;1;6;3;1;1;8;1;2;0;14;15;4;4;1;8;4;12;7;3;7;8;15;12;4;4;15;15;11;30;8;58;5;1;25;30;16;6;11;4;14;4;4;16;6;4;1;14;3;4;8;7;2;17;2;7;8;2;1;3
0030ceb11cdd80a589bd1f47462cd887cfc2bb7e,Marcelo Duarte Trevisani,2018-06-24 19:31:13 +0200,3593,src/_pytest/python_api.py;testing/python/approx.py,5;17,3;2
deff54aae00fc9fd3f47a7e1a814b9acf872e4e9,Ondřej Súkup,2018-06-22 22:58:16 +0200,,testing/test_mark.py,5,1
1d55c49a9ae0e816af0442ab026ee2df57fa490c,Anthony Sottile,2018-06-23 07:55:42 -0700,,src/_pytest/assertion/rewrite.py,10,0
95f00de0df0447cf39af2b90aa1ec34e4e1ec163,Ronny Pfannschmidt,2018-06-23 00:14:06 +0200,,src/_pytest/cacheprovider.py,1,1
c4c666cbc43e66475618d8fe94cd9dd167140a2d,Ronny Pfannschmidt,2018-06-23 00:07:57 +0200,,src/_pytest/cacheprovider.py,4,4
ee30bf45c99f1fd8f4ba9bc26a2b77b3a6aae5c6,Ronny Pfannschmidt,2018-06-23 00:03:10 +0200,,src/_pytest/cacheprovider.py;testing/test_cacheprovider.py,18;2,19;2
603df1ea1c638c0b704b5d135c03b00384cce0f9,Ronny Pfannschmidt,2018-06-19 23:15:13 +0200,,setup.py;src/_pytest/compat.py,3;1,3;1
abbf73ad1a3b5d8d4522df2ca2d3f0c83ea8e349,Ronny Pfannschmidt,2018-06-19 19:45:20 +0200,,setup.py;src/_pytest/compat.py,4;6,2;3
1226cdab47335bb823b2fee092b94b1c37b0a62a,Ronny Pfannschmidt,2018-06-19 10:28:36 +0200,,src/_pytest/cacheprovider.py,12,12
ab80e0fba087b099445c1d57b661cfed1638096b,Ronny Pfannschmidt,2018-06-18 14:05:14 +0200,,src/_pytest/compat.py,1,1
fb992a0c81e02e9a298a7aa38d46001229a14571,Ronny Pfannschmidt,2018-06-18 14:01:06 +0200,,src/_pytest/cacheprovider.py,2,2
23581d44bd94a54eeb10f43a5a317420db02b269,Ronny Pfannschmidt,2018-06-18 14:00:19 +0200,,src/_pytest/paths.py,13,0
c7eb53317b4535cabd50d817964ca7e4644cdcf9,Ronny Pfannschmidt,2018-06-17 16:23:44 +0200,,setup.py;src/_pytest/cacheprovider.py;src/_pytest/compat.py;testing/test_cacheprovider.py,3;48;3;3,1;53;0;1
0d3914b62691ef4dbb38a897b7b4a8513b2912e9,Bruno Oliveira,2018-06-21 20:12:17 -0300,,src/_pytest/cacheprovider.py,1,1
8b4c59e606285d76011934e61eb7b110262f37ff,Anthony Sottile,2018-06-21 13:24:16 -0700,,src/_pytest/mark/structures.py,2,1
c672bfa32ea9e3602225eb45b0ffdc4cdb1ce47a,avirlrma,2018-06-21 17:43:10 +0530,,src/_pytest/cacheprovider.py;testing/test_cacheprovider.py,10;29,5;1
8f1d8ac970efb1fb5c00af4a0c5575922577afda,avirlrma,2018-06-21 15:15:55 +0530,,src/_pytest/cacheprovider.py,5,2
53d4710c6287fc3e78c2bc1704bd702d05a8b6de,avirlrma,2018-06-21 14:25:00 +0530,,src/_pytest/cacheprovider.py,3,6
31f089db6ade6e345f4cab23fe4fa0a838c34f47,avirlrma,2018-06-21 13:10:42 +0530,,src/_pytest/cacheprovider.py,16,0
93e55ad2fae3a08ced8f324f9b01abe0fce6ed39,Bruno Oliveira,2018-06-18 21:45:46 -0300,,src/_pytest/python.py,2,4
acb8f23311ea66b6dce46bbd85db9c08d38ef981,Hynek Schlawack,2018-06-16 10:37:33 +0200,,src/_pytest/python_api.py;src/_pytest/recwarn.py,1;1,1;1
d382f3e77ffe6db49ebc6a93f81fcdeea8ea5458,John T. Wodder II,2018-06-14 19:05:07 +0000,3583,src/_pytest/doctest.py,1,1
5221a147640ca2da975c32a238d27b295cc3e095,John T. Wodder II,2018-06-14 20:00:38 +0000,3583,testing/test_doctest.py,16,0
3ac2ae3c8caab9c7338878e9825ea2f383ca9265,Ronny Pfannschmidt,2018-06-15 18:13:45 +0200,,testing/example_scripts/issue_519.py,34,30
ea906056fae49705e9e3c7e941eb9068131eb14e,Ronny Pfannschmidt,2017-01-18 14:51:29 +0100,519,testing/example_scripts/issue_519.py,17,1
c081c5ee23200efbad96f20b766f2521272e96f6,Ronny Pfannschmidt,2017-01-18 14:39:47 +0100,519,testing/example_scripts/issue_519.py,34,0
36159776088c8d9697e09c0c696ed78810a0226e,Wil Cooley,2018-06-14 12:20:06 -0700,,src/_pytest/logging.py;testing/logging/test_fixture.py,16;21,0;0
8d072205e9119ec3c8b95ca66876b9a1a50b6e3e,Ronny Pfannschmidt,2018-06-13 22:00:22 +0200,,src/_pytest/nodes.py,1,1
b5102d03a62ef5cd7704cadc5e704df3cd812e21,Bruno Oliveira,2018-06-13 14:57:10 -0300,,src/_pytest/nodes.py,4,3
eb0c6a82875a986d9bf4cf0efdcee5641fe84fef,Ronny Pfannschmidt,2018-06-12 14:49:54 +0200,,src/_pytest/nodes.py;testing/test_mark.py,7;9,2;0
321f66f71148c978c1bf45dace61886b5e263bd4,Ronny Pfannschmidt,2018-06-12 22:25:05 +0200,,testing/python/integration.py,3,0
b0ec442d2498cbb48159f2c2469126c06d1a0d35,Ronny Pfannschmidt,2018-06-12 17:50:08 +0200,,src/_pytest/mark/structures.py;src/_pytest/nodes.py,5;3,1;5
37793d4cdbf71f597a3c69c827e0c010528d53a5,Ronny Pfannschmidt,2018-06-12 14:49:54 +0200,,src/_pytest/mark/structures.py;src/_pytest/nodes.py;testing/test_mark.py,8;4;10,1;2;1
41125968d9f6e81f4c7892532a1e0f5e61620ccb,Bruno Oliveira,2018-06-11 20:33:13 -0300,,testing/test_runner.py,1,1
4fd66e8a42ecadc5c9d8cc5c8cfb70f0b933f797,Bruno Oliveira,2018-06-11 20:32:08 -0300,,testing/test_runner.py,1,0
a888bf182e20a11e2151853700b3b28da231b70f,Guoqiang Zhang,2018-06-11 16:12:47 -0400,,src/_pytest/runner.py;testing/test_runner.py,10;17,1;0
5ea647a24586aab7e21fb39d8046dedfa1bc0310,Bruno Oliveira,2018-06-10 19:13:57 -0300,3564,testing/python/fixture.py,2,2
49f621de767f3c1c84185a8198d016eb95a8cb1c,Anthony Sottile,2018-06-10 10:51:36 -0700,,src/_pytest/terminal.py;testing/test_terminal.py,1;4,1;1
10b0b813467cda7354953ad63a19f6b625819a80,Bruno Oliveira,2018-06-10 11:47:58 -0300,3560,src/_pytest/runner.py;testing/test_runner.py,0;1,1;1
1a7dcd73cf38f07ccaa4bd19c476750a1c678cbc,Alan Velasco,2018-06-09 16:58:23 -0700,,src/_pytest/runner.py;testing/test_runner.py,1;1,0;1
c1d9ca81df5364417317fd779e73d9ff85fe5d35,Anthony Sottile,2018-06-07 21:55:50 -0700,,setup.py,1,21
c30c137a9568571ac89f2c99658174f44eb19220,Daniel Hahler,2018-06-07 01:18:51 +0200,,src/_pytest/terminal.py;testing/test_terminal.py,2;1,2;1
464117b4725b853feb15c965732526448128a45a,Ronny Pfannschmidt,2018-06-05 10:20:36 +0200,,testing/test_capture.py;testing/test_config.py;testing/test_parseopt.py,1;2;1,1;6;1
1459cbe01f9f6707405c66af8dcf6020641c163b,Ronny Pfannschmidt,2018-06-05 10:07:02 +0200,,src/_pytest/config/__init__.py;src/_pytest/config/exceptions.py;src/_pytest/config/findpaths.py,2;8;140,147;0;0
c9df77cbd6a365dcb73c39618e4842711817e871,Ronny Pfannschmidt,2018-06-05 09:55:28 +0200,,src/_pytest/config/__init__.py;src/_pytest/config/argparsing.py,2;394,390;0
026cd36237f75ee8b4c858dc6530ebfcdc117d24,Ronny Pfannschmidt,2018-06-05 09:40:50 +0200,,src/_pytest/config/__init__.py,27,5
bc2247219f5aae1f8e05ccc913bbb49fe4384d7c,Ronny Pfannschmidt,2018-06-05 09:06:43 +0200,,setup.py,7,1
39ebdab1bcab81d0ae17416caf4cceac233feb8a,Miro Hrončok,2018-06-04 13:45:35 +0200,,testing/test_assertrewrite.py,15,25
9a6fa33c69648167b1dfbf49af23b2d8f8969052,Miro Hrončok,2018-06-04 12:50:31 +0200,,testing/test_assertrewrite.py,23,7
ff19f273a9cc04271c17e81d74eec9bc8e2410ef,Anthony Sottile,2018-06-03 11:57:53 -0700,,testing/code/test_excinfo.py,1,2
04f08b67a47074edf2c171111e61dbfdd8a8bb6a,Anthony Sottile,2018-06-03 11:57:32 -0700,,src/_pytest/compat.py;src/_pytest/fixtures.py,1;1,1;2
3d0717813a73d33cb932686498ff7f257ea3b916,Anthony Sottile,2018-06-03 11:54:36 -0700,,testing/test_assertion.py,3,3
eaa882f3d5340956beb176aa1753e07e3f3f2190,Ronny Pfannschmidt,2018-05-26 09:05:41 +0200,,setup.py,8,4
1b16d649f9c43573111af19d29f34fa7330aff88,Bruno Oliveira,2018-05-25 18:21:48 -0300,,testing/test_junitxml.py;testing/test_unittest.py,6;15,4;11
da2c2e8492c85b315d3cc0892a69ff2fc9c259e8,Ronny Pfannschmidt,2018-05-24 09:58:36 +0200,3498,testing/test_unittest.py,15,1
74cfdc5feb9b07ff538b6c85d864437aadeb314e,Ronny Pfannschmidt,2018-05-24 07:30:38 +0200,3498,testing/test_unittest.py,47,0
b4e02656226ca74fd0676668926e20e5bceeebf0,Jeffrey Rackauckas,2018-05-23 20:15:28 -0700,,testing/test_junitxml.py,1,1
6c519b12802347b257840c4d286ca0bf94cd92a5,Jeffrey Rackauckas,2018-05-23 19:34:45 -0700,,testing/test_junitxml.py,17,0
d4bf2ff8f5f95fe63f114769af315e7080d37e3d,Ronny Pfannschmidt,2018-05-23 18:22:18 +0200,,testing/code/test_source.py,4,4
3e08c4ee64dffa14450ca29b1ef8bc3f820a5b2b,Ronny Pfannschmidt,2018-05-23 18:12:04 +0200,,bench/bench.py;bench/bench_argcomplete.py;bench/skip.py;doc/en/example/assertion/failure_demo.py;doc/en/example/assertion/global_testmodule_config/conftest.py;doc/en/example/pythoncollection.py;extra/get_issues.py;testing/code/test_code.py;testing/python/collect.py;testing/test_capture.py;testing/test_collection.py,1;13;2;10;2;2;2;3;1;13;1,1;12;2;10;1;1;3;2;1;28;1
703e4b11ba76171eccd3f13e723c47b810ded7ef,Ronny Pfannschmidt,2018-05-23 16:48:46 +0200,,bench/bench.py;bench/bench_argcomplete.py;bench/empty.py;bench/manyparam.py;bench/skip.py;doc/en/_themes/flask_theme_support.py;doc/en/conf.py;doc/en/example/assertion/failure_demo.py;doc/en/example/assertion/global_testmodule_config/conftest.py;doc/en/example/assertion/global_testmodule_config/test_hello_world.py;doc/en/example/assertion/test_failures.py;doc/en/example/assertion/test_setup_flow_example.py;doc/en/example/costlysetup/conftest.py;doc/en/example/costlysetup/sub_a/test_quick.py;doc/en/example/costlysetup/sub_b/test_two.py;doc/en/example/multipython.py;doc/en/example/nonpython/conftest.py;doc/en/example/py2py3/conftest.py;doc/en/example/py2py3/test_py3.py;doc/en/example/pythoncollection.py;doc/en/example/xfail_demo.py;extra/get_issues.py;setup.py;testing/acceptance_test.py;testing/code/test_code.py;testing/code/test_excinfo.py;testing/code/test_source.py;testing/deprecated_test.py;testing/freeze/create_executable.py;testing/freeze/runtests_script.py;testing/freeze/tests/test_trivial.py;testing/freeze/tox_run.py;testing/logging/test_fixture.py;testing/logging/test_formatter.py;testing/logging/test_reporting.py;testing/python/approx.py;testing/python/collect.py;testing/python/fixture.py;testing/python/integration.py;testing/python/metafunc.py;testing/python/raises.py;testing/python/setup_only.py;testing/python/setup_plan.py;testing/python/show_fixtures_per_test.py;testing/test_argcomplete.py;testing/test_assertion.py;testing/test_assertrewrite.py;testing/test_cacheprovider.py;testing/test_capture.py;testing/test_collection.py;testing/test_compat.py;testing/test_config.py;testing/test_conftest.py;testing/test_doctest.py;testing/test_entry_points.py;testing/test_helpconfig.py;testing/test_junitxml.py;testing/test_mark.py;testing/test_modimport.py;testing/test_monkeypatch.py;testing/test_nodes.py;testing/test_nose.py;testing/test_parseopt.py;testing/test_pastebin.py;testing/test_pdb.py;testing/test_pluginmanager.py;testing/test_pytester.py;testing/test_recwarn.py;testing/test_resultlog.py;testing/test_runner.py;testing/test_runner_xunit.py;testing/test_session.py;testing/test_skipping.py;testing/test_terminal.py;testing/test_tmpdir.py;testing/test_unittest.py;testing/test_warnings.py,4;8;1;5;1;75;117;84;4;1;5;4;5;0;1;27;15;3;1;3;8;18;49;316;42;280;164;138;4;2;2;5;45;15;368;81;446;1162;97;528;31;107;7;89;32;478;295;391;379;277;24;439;180;511;4;19;309;355;12;99;13;83;123;47;198;78;61;90;75;245;85;88;460;582;58;269;139,3;6;0;1;0;72;100;46;2;0;5;0;1;1;0;10;6;0;2;0;0;15;50;270;29;169;83;76;4;1;3;5;48;7;271;90;289;594;53;372;21;81;7;64;21;384;164;315;270;191;15;270;111;345;4;24;193;220;8;72;10;59;97;32;124;55;38;52;60;148;52;44;373;518;34;172;107
3e1590bcfcce1a28619abc31425f407cb0459b75,Ronny Pfannschmidt,2018-05-18 10:48:44 +0200,,testing/test_mark.py,4,2
3b9e063fe8eea19504cea1bd7764c9631d0c8019,Ronny Pfannschmidt,2018-05-18 09:27:51 +0200,,bench/manyparam.py;doc/en/example/assertion/test_setup_flow_example.py;doc/en/example/costlysetup/sub_b/test_two.py;doc/en/example/py2py3/conftest.py;doc/en/example/py2py3/test_py2.py;doc/en/example/py2py3/test_py3.py;extra/get_issues.py,0;0;0;0;0;0;0,1;1;1;3;1;1;1
9aacb4635e81edd6ecf281d4f6c0cfc8e94ab301,Ronny Pfannschmidt,2018-05-17 23:31:16 +0200,,doc/en/example/assertion/failure_demo.py;testing/acceptance_test.py;testing/code/test_excinfo.py;testing/deprecated_test.py;testing/logging/test_reporting.py;testing/python/approx.py;testing/python/fixture.py;testing/python/metafunc.py;testing/python/raises.py;testing/test_assertion.py;testing/test_config.py;testing/test_doctest.py;testing/test_junitxml.py;testing/test_mark.py;testing/test_parseopt.py,1;2;2;1;4;1;9;3;3;6;1;5;3;3;1,1;2;2;1;4;1;9;3;3;6;1;5;3;3;1
94e62dfc5079d1caad31ebb070f6a43317f0023e,Bruno Oliveira,2018-05-16 07:27:54 -0300,,testing/python/metafunc.py,1,0
a59f677d934830053ebf608db31a87e89c0f0ed1,aviral1701,2018-05-15 12:48:04 +0530,,doc/en/conf.py,3,1
aa51fcb2b665233069962ecf67f9603fba7276ec,Ville Skyttä,2018-05-13 12:06:09 +0200,,testing/code/test_excinfo.py;testing/python/fixture.py;testing/test_assertion.py;testing/test_capture.py;testing/test_conftest.py;testing/test_nose.py,1;1;1;1;1;1,1;1;1;1;1;1
4914135fdf45bc4fa0469f2a9d3161c5830e84fd,Ronny Pfannschmidt,2018-05-09 15:40:52 +0200,,testing/test_mark.py,30,3
fa76a5c8fed8517491ecf6986233e846356fefbe,Bruno Oliveira,2018-05-04 17:56:51 -0300,,testing/python/fixture.py,2,1
dca77b22735edf7fea0f6623416e37174fc1e5d5,Bruno Oliveira,2018-05-03 19:51:41 -0300,3443,testing/test_assertion.py,12,0
e6a86e0f4c2c5b1b600e86eda8d1ba545142ac72,Ronny Pfannschmidt,2018-05-03 17:01:47 +0200,3441,testing/test_mark.py,32,0
a5cf55dd4a5237ad4b5d6e93d9822558bbc8cd28,Ronny Pfannschmidt,2018-05-03 16:33:16 +0200,,testing/test_mark.py,1,1
1a880be85b4aaa42f38c9a4922a9ad8338dd7552,Bruno Oliveira,2018-05-01 19:08:29 -0300,,testing/test_pdb.py,0,1
c258fe1459638437ba4d2ecd77862091369183e6,Brian Maissy,2018-05-02 00:58:35 +0300,,testing/test_pdb.py,9,0
acacf75f49ad79ea8fa5af0852976fa1a406b325,turturica,2018-04-24 13:32:58 -0700,,testing/python/fixture.py,47,5
03850cf962e9c3c9b8d05a63a2fde0ba8ec0f7fa,Bruno Oliveira,2018-04-23 22:17:46 -0300,2334,testing/python/fixture.py,8,0
fedc78522bd43e82d8b6c4f89df2b3a6c8e898ea,turturica,2018-04-21 18:39:42 -0700,3358,testing/test_session.py,1,1
c02e8d8b0d4a50cb802b901f78412448612d03ed,turturica,2018-04-16 11:44:05 -0700,3358,testing/python/collect.py;testing/test_collection.py,1;1,1;1
857098fe0f3558f9640276e6a9990888423fe55c,Brian Maissy,2018-04-04 19:44:01 +0300,,testing/python/metafunc.py,13,0
ba7cad3962d646768351bb12fb9922720c46f8f8,feuillemorte,2018-04-13 16:00:07 +0300,3290,testing/test_monkeypatch.py,8,9
aa95a425d7708d80fc887b1825662daf3a624ba7,Bruno Oliveira,2018-04-11 19:41:10 -0300,3008,setup.py;testing/test_assertrewrite.py,1;6,0;6
37ee4fbc48ae5503e1ef6e9067c06701a12fbbb5,Bruno Oliveira,2018-04-11 23:46:17 -0300,,setup.py,4,0
2b1410895e9ac30c4f08e9a701017cce65a9717b,turturica,2018-04-11 15:39:42 -0700,2283,testing/python/fixture.py;testing/test_collection.py;testing/test_session.py,33;1;1,0;1;1
3d60f955f037e53a4be0a6561d664b8cb43367a9,feuillemorte,2018-04-10 20:18:05 +0300,3290,testing/test_monkeypatch.py,13,0
78c900448e2683ba4ae03d6f21f500c1cc43ddd5,Bruno Oliveira,2018-04-09 20:43:14 -0300,2798,testing/acceptance_test.py,30,0
ec2d8223cff2fe83119d142c3b4b365786b3182d,Tim Strazny,2018-04-06 14:16:12 +0200,3372,testing/python/raises.py,18,0
2018cf12b1579b648461d32fe624c06b51a6b696,Ronny Pfannschmidt,2018-04-05 14:05:26 +0200,,testing/test_junitxml.py,1,4
ba407b5eb601da54a893df769fd61e65a718bb66,Bruno Oliveira,2018-04-04 20:36:07 -0300,2798,testing/test_runner.py,14,5
9aa2a837850ef668ea6387ad7dc9ce4ce8d8a31d,Stefan Scherfke,2018-04-03 16:48:32 +0200,,setup.py,1,1
0762666bd116d92b55f746cde8e25e965ea2912b,Bruno Oliveira,2018-04-03 08:58:40 -0300,,testing/test_pdb.py,1,1
7c0c91a7a291b27f1555d47d899a1ff61dee1d48,Ronny Pfannschmidt,2018-04-03 08:00:57 +0200,,testing/test_junitxml.py,0,1
4d847593b323d041c11df15c8158a330caf07a79,Anthony Shaw,2018-04-03 10:40:56 +1000,,testing/test_pdb.py,0,7
dbb1b5a2279775730d593622fb2a993e12960b22,Ronny Pfannschmidt,2018-03-29 18:24:10 +0200,,testing/test_mark.py,1,1
159ea9b7c0654f7e300ec2a91d7502ce1ae45571,Ronny Pfannschmidt,2018-03-19 18:39:56 +0100,,testing/test_mark.py,2,1
99015bfc86d6ad309bdd9abbe2c0700d58ca36d1,Ronny Pfannschmidt,2018-03-17 22:04:22 +0100,,testing/python/metafunc.py,6,6
180ae0920235e883138d56fa4274565793058465,Ronny Pfannschmidt,2018-03-17 21:42:43 +0100,,testing/python/fixture.py;testing/python/metafunc.py;testing/test_mark.py,3;7;9,1;1;0
f1a1695aaabf554fea21382b7edc0ee79e59b3d5,Ronny Pfannschmidt,2018-03-16 11:31:33 +0100,,testing/test_mark.py,2,2
27072215593b2808bbae2fb633caf556cc5852e3,Ronny Pfannschmidt,2018-03-16 11:16:08 +0100,,testing/test_mark.py,0,1
804392e5f2222fc2c83d7a8a098b58ca4c126195,Bruno Oliveira,2018-03-28 20:19:28 -0300,,testing/test_pdb.py,29,49
09e5a226dceb925450bd38f0e06739901d9b9706,Anthony Shaw,2018-03-29 09:03:20 +1100,,testing/test_pdb.py,13,4
a5d9fbe2b0d14a84325e87629a785eda72f7d9f4,Jeffrey Rackauckas,2018-03-27 20:24:15 -0700,,testing/test_recwarn.py,1,1
34afded06dbcc4a2615043c3deaea64511d4287d,Jeffrey Rackauckas,2018-03-27 19:57:15 -0700,,testing/python/raises.py,5,0
3998b70ff6e5268e828d87d4afde39aa7f867dee,Anthony Shaw,2018-03-28 09:02:37 +1100,,testing/test_pdb.py,24,0
f1f4c8c10481ab643a497876dfaed713f54c9479,Anthony Shaw,2018-03-27 17:38:17 +1100,,testing/test_pdb.py,22,21
d895f5d6fce13981f11cfc6c47e2c12474a3f07f,Katerina Koukiou,2018-03-14 09:44:58 +0100,,testing/logging/test_reporting.py,61,1
e97bd87ee20635bf585900747c3b571fd43e0fa8,Anthony Shaw,2018-03-23 16:24:15 +1100,,testing/test_pdb.py,1,1
242fb7852b66e2dc419e8a1d8b0150876ae38eac,Anthony Shaw,2018-03-23 15:39:34 +1100,,testing/test_pdb.py,8,14
db581eabcbc8a279020cceb5217a2ca593024aba,Anthony Shaw,2018-03-23 15:30:05 +1100,,testing/test_pdb.py,53,0
a1ff758d0d0fbb1655e85472fe896b3356dac404,Anthony Shaw,2018-03-23 14:18:56 +1100,,testing/test_pdb.py,75,6
5a53b9aabb296f18b77edabb6b873195c27ebd34,Anthony Shaw,2018-03-22 20:40:35 +1100,,testing/test_pdb.py,25,0
59e7fd478eb7b3b1ab27f0eba1b8f5a8b8b08cd4,Bruno Oliveira,2018-03-13 21:08:21 -0300,2405,testing/acceptance_test.py;testing/python/fixture.py,24;198,0;13
9e24b09a9f96908534e7bfb313df4a2c136b5094,Bruno Oliveira,2018-03-13 20:59:10 -0300,,testing/python/fixture.py,13,13
3c3fc3bb9dcd4ba9902e59c8160163d0c962dbe1,Jason R. Coombs,2018-03-15 21:25:50 -0400,3314,testing/test_capture.py,4,2
161d4e5fe4730f46e1fb803595198068b20c94c5,Tadeu Manoel,2018-03-14 16:29:04 -0300,,testing/python/approx.py,11,0
c34dde7a3f582ddb57560ea08cfe00b84be31e16,Tadeu Manoel,2018-03-14 15:29:40 -0300,,testing/python/approx.py,11,0
9517c3a2aa2418b226ee7ef0675791d96aa23b2e,Bruno Oliveira,2018-03-13 17:41:26 -0300,2370,testing/test_capture.py,24,0
68375513f300e51c4ee97172a4dc4728e89d898a,Kostis Anagnostopoulos,2018-03-13 00:28:47 +0200,3297,testing/logging/test_fixture.py,2,0
d2e533b8a3636f29d8999b90fed1072ac4b5ee1b,Brian Maissy,2018-03-10 22:45:45 +0200,,testing/test_cacheprovider.py,30,0
54b15f5826438a311c22c693bdb248ed5f379e97,Brian Maissy,2018-02-21 01:27:24 +0200,,testing/deprecated_test.py,67,0
5e5935759e8926f79279e4a3a92546a4cfc1bf10,Ronny Pfannschmidt,2018-03-09 10:52:59 +0100,,testing/test_resultlog.py,1,1
6fa9768545c69b2c17035b7a1282f243ac22532f,Bruno Oliveira,2018-02-08 18:54:20 -0200,,doc/en/conf.py,6,5
25399da9047d044174f090f1315f9a4244b91135,Bruno Oliveira,2018-03-04 10:59:46 -0300,3265,setup.py,1,0
65534682aaa659354efda5c582015066e92bd4db,Bruno Oliveira,2018-03-04 10:56:24 -0300,,setup.py,0,1
99aab2c3f532fa128257f79852078292001b5247,feuillemorte,2018-03-02 10:52:38 +0300,3268,testing/deprecated_test.py,9,0
8239103aa95f18b10ea204aa22ca7967522d63fd,Daniel Hahler,2018-02-27 21:07:00 +0100,,testing/test_skipping.py,1,1
409b919fc0cf291b38cabb7eb991b086323e5d1b,feuillemorte,2018-02-27 19:16:45 +0300,3260,testing/test_config.py,7,0
cfaf3600c1d9ea2b45d9b801a47379304fd7e455,Jason R. Coombs,2018-02-27 03:38:56 -0500,,setup.py,1,0
f6ad25928e8c388b07cc45e9a594ba2c5c1b28d5,Jeffrey Rackauckas,2018-02-26 19:15:10 -0800,,testing/test_skipping.py,1,1
a6762f7328903af8157c4c120dda4f17f3a0f99f,Jeffrey Rackauckas,2018-02-26 19:11:13 -0800,,testing/test_skipping.py,15,0
4e405dd9f96e69cdd53901db930a2d79bc4f7e58,Bruno Oliveira,2018-02-22 19:49:30 -0300,,testing/test_skipping.py,15,0
31476c69abaf6f68a160084a6d4501e1535b0bb4,feuillemorte,2018-02-26 17:39:32 +0300,3203,testing/test_terminal.py,2,0
46c5d5355ea5127695984b74342c77d23d8858e6,feuillemorte,2018-02-26 17:19:58 +0300,3203,testing/test_terminal.py,1,0
307cd6630f6a6b39228dd21bd15ca478fd612a0d,Jeffrey Rackauckas,2018-02-25 22:38:25 -0800,,testing/test_skipping.py,10,0
f4cc45bb41b29f1aeab61dc3c3219d1e1baadc66,William Lee,2018-02-23 22:31:11 -0600,,testing/test_doctest.py,1,1
7f2dd74ae9ba23cc8c8a33e933b87df9bf708be0,William Lee,2018-02-23 21:20:14 -0600,,testing/test_doctest.py,7,5
e865f2a2358a8cbbf33018167a33c44598b9da55,feuillemorte,2018-02-23 22:49:17 +0300,3034,testing/test_cacheprovider.py,30,34
fbc45be83f279f936121355649728f7aeec6e6a6,William Lee,2018-02-22 21:00:54 -0600,3149,testing/test_doctest.py,19,0
0f58fc881b795478d3f93f8f2bbd6b73a11b4c57,Thomas Hisch,2018-02-22 19:26:46 +0100,3210;3234,testing/test_pdb.py,18,0
de2de00de90271049424f819092e052ca88a10ac,Ronny Pfannschmidt,2018-02-22 14:19:31 +0100,,setup.py,1,1
aa53e37fa255248c101f32dda876ad589bc68bb2,Allan Feldman,2018-02-21 21:35:35 -0800,,testing/python/fixture.py,35,0
6e14585ca20d27db81f122d2c3a76135e4192fc4,mike,2018-02-20 22:51:22 +0100,,testing/python/approx.py,1,0
3d4d0a261468e9f354b86f5149fe4dc2e8a85c7e,Ronny Pfannschmidt,2018-02-21 18:54:39 +0100,,testing/test_terminal.py,17,12
8b49ddfa585e8dee77ba3aeef654598e0052237e,Carlos Jenkins,2017-08-16 05:23:28 -0600,,testing/test_junitxml.py,8,8
acda6c46fb188514738bbb90f17279c11daa0510,Thomas Hisch,2018-02-19 20:34:11 +0100,,testing/logging/test_reporting.py,54,0
ac7eb63a6b9899250ebd58f61f348ef69bf55875,Thomas Hisch,2018-02-18 20:48:07 +0100,,testing/logging/test_reporting.py,0,54
51ece00923885fa41107e7469d510cb2233406af,Thomas Hisch,2018-02-18 12:42:25 +0100,3233,testing/test_pdb.py;testing/test_terminal.py,7;34,5;18
069f32a8c452e7dbd4d10d4da2c142dd24bb5953,Brian Maissy,2018-02-12 22:05:46 +0200,,testing/test_pdb.py,16,0
dfbaa20240bd1178496db117450aaaba7c0a913a,Bruno Oliveira,2018-02-17 09:24:13 -0200,,testing/logging/test_reporting.py,54,0
774c539f1a03b75b7b6c9b5188c5beeae9638640,Jordan Speicher,2018-02-09 17:44:03 -0600,3198,testing/test_session.py,14,0
82cdc487cefbbbd1848705427fed6276461835e6,Thomas Hisch,2018-02-15 21:09:44 +0100,3223,setup.py,1,1
3cbf0c8ec028e4fdba2e66327a2d4f01025804c4,Florian Bruhin,2018-02-15 12:11:56 +0100,,testing/python/raises.py,10,0
6496131b799afc711b96fc0464ec0f8c0c9ba785,Thomas Hisch,2018-02-13 14:46:11 +0100,1527,testing/test_cacheprovider.py;testing/test_terminal.py,1;26,1;1
dff0500114971b30a7bb9043acb0d0fb6a9e01c4,feuillemorte,2018-02-13 22:49:28 +0300,3034,testing/test_cacheprovider.py,117,4
247cdb835a404f9668022984bb688496b48e5809,Jason R. Coombs,2018-02-13 12:41:14 -0500,985,testing/test_pdb.py,0,4
7656fc8320b5920d860e9028f322475a021e7666,Brian Maissy,2018-02-12 23:17:51 +0200,,testing/test_pdb.py,35,4
b6166dccb4d2b48173aa7e7739be52db9d2d56a0,Marcin Bachry,2018-02-12 18:41:00 +0100,,testing/python/integration.py,22,0
d776e5610e163665dddc1322c49f16c70cb7a3f5,Pedro Algarvio,2018-02-08 23:23:12 +0000,,testing/logging/test_reporting.py,59,0
71367881ed14eb1cbdfee47a0cf8e0aa431f161c,feuillemorte,2018-02-08 16:21:22 +0300,1478,testing/test_terminal.py,8,0
0b71255ddaea1b31c52c52454e0adc81a395577c,Pedro Algarvio,2018-02-05 18:07:40 +0000,,testing/logging/test_reporting.py,42,0
1a650a9eb9b301fd2f47f627868fbabcfb65f37e,feuillemorte,2018-02-06 23:38:51 +0300,1478,testing/test_terminal.py,11,3
67558e0e22042e8f46fb3e31248e547225782487,Pedro Algarvio,2018-01-31 13:48:55 +0000,,testing/logging/test_reporting.py,22,1
0d15a4686352ee2e6b8a2842fe47e1cd6d86e4f7,Pedro Algarvio,2018-01-31 14:53:58 +0000,,testing/logging/test_reporting.py,54,0
e64feaba7ab05e06b65dc6b9a722a4f39c01cd58,Brian Maissy,2018-02-03 23:28:37 +0200,,testing/test_pdb.py,1,1
74633815aa55f6e38ca2ac4072cc02fb247b43f5,Brian Maissy,2018-02-03 23:24:11 +0200,,testing/test_pdb.py,4,0
c0ef4a4d3544b103921946f66ef8c26fe6d192b5,Thomas Hisch,2018-01-26 09:28:23 +0100,,testing/test_junitxml.py,20,3
e289c60c3a6c97cc51cce8eced65c86a3d7ae750,Bruno Oliveira,2018-02-02 17:15:16 -0200,3168,setup.py,1,1
4458e65fe757ee34eddcf79c50e060018d327803,Aaron,2018-02-01 13:07:45 -0800,,testing/python/fixture.py,41,0
3eb6cad222b3c5eb5d060f19faf94d046b95dfde,feuillemorte,2018-02-01 11:20:37 +0300,1642,testing/test_session.py,6,10
936651702bc14ed785dc40e364feed7f48892f1a,feuillemorte,2018-02-01 00:27:48 +0300,1642,testing/test_session.py,5,3
741b571f3b6cd1bcfec6db7ba90f112cd5bbc8d1,feuillemorte,2018-02-01 00:03:24 +0300,1642,testing/test_session.py,14,7
949a620d3a182d469f8c6bb14498e5ec6802c6e6,feuillemorte,2018-01-31 22:36:28 +0300,1478,testing/test_terminal.py,13,0
90a8faabbaf22ca376af71cc49d3ab81c510e736,Bruno Oliveira,2018-01-30 20:01:50 -0200,3011,testing/test_recwarn.py,2,2
4c148bd0ef8a0cc9d15d7aaf6d3cce044d99bfa3,Bruno Oliveira,2018-01-29 18:23:17 -0200,,doc/en/example/assertion/failure_demo.py,2,0
ebab1b6c69e3b5cd436bfaf31c957c3df1649c64,Thomas Hisch,2018-01-23 00:57:56 +0100,,testing/logging/test_formatter.py,29,0
17a1ed5edf73e12d14665a2e6ed2399ae6415579,Ronny Pfannschmidt,2018-01-26 12:12:26 +0100,,testing/test_mark.py,6,2
a54cd4c2fdf63634560920ec7c4a582b8ca32e0e,Ronny Pfannschmidt,2018-01-26 12:05:52 +0100,,testing/test_mark.py,3,3
d4c11e58aa58fbb6d2e560bc62111a7efb955ca3,Ronny Pfannschmidt,2018-01-26 11:18:50 +0100,,testing/test_mark.py,1,1
7f83605c81205398976b658b868137b41156578a,Ronny Pfannschmidt,2017-12-17 15:25:56 +0100,,testing/python/metafunc.py,15,3
37b41de779957b0e0e826016b7dee9ee2f4aec89,Ronny Pfannschmidt,2017-12-17 12:49:12 +0100,2527,testing/test_mark.py,23,0
0cfa975930f450537543e8d8334f4518f63fba56,feuillemorte,2018-01-25 15:57:04 +0300,1642,testing/test_session.py,16,4
15cbd6115987ced2e9ae9cd598cc80f0bf07b71c,Bruno Oliveira,2018-01-24 18:59:08 -0200,,testing/logging/test_fixture.py,4,4
af37778b0d8d88b72b485ae53a5dde0478cc1b07,Bruno Oliveira,2018-01-24 18:23:42 -0200,2147,testing/acceptance_test.py;testing/python/collect.py;testing/python/fixture.py;testing/python/metafunc.py;testing/test_capture.py;testing/test_pytester.py;testing/test_terminal.py,1;2;1;1;1;5;2,1;2;1;1;1;5;2
3f5e9ea71e997746f89c71507888414f9477e2b9,Bruno Oliveira,2018-01-23 21:13:20 -0200,,testing/test_config.py,36,16
8426c57a9e8631186a6cadcedd14756246218efb,Bruno Oliveira,2018-01-22 17:58:04 -0200,,testing/test_config.py,9,4
203508d9f3ea4478317375c1bdf09a8db02c8826,Aron Coyle,2018-01-20 21:44:08 +0000,,testing/test_config.py,8,36
2c7f94fdb94d166593384ec3455a52654a735e8b,Andrew Toolan,2018-01-20 18:23:08 +0000,,testing/test_config.py,37,0
113bfb6be88523df3983c358fbed5bb75f234b0c,Bruno Oliveira,2018-01-22 21:43:35 -0200,,testing/logging/test_reporting.py,2,2
9f4688e549cb2688f667ff951f9f28a869f6bf07,Bruno Oliveira,2018-01-22 21:26:14 -0200,,testing/logging/test_reporting.py,2,2
3a9d0b26d5700be58bde067e6d8d4ca2e80406de,Bruno Oliveira,2018-01-22 21:20:48 -0200,,testing/logging/test_reporting.py,1,4
a5e60b6a2d7f8044a08334cd4ca1a9873489528e,Raphael Castaneda,2018-01-18 16:06:42 -0800,3130,testing/test_junitxml.py,21,0
0df42b44265b7b03dd897f1f3ddc33018acf0957,Bruno Oliveira,2018-01-22 21:00:52 -0200,,testing/logging/test_reporting.py,62,8
83034bbd489aa3b5bfcf3efadc63c883b046ba1a,feuillemorte,2018-01-20 22:30:01 +0300,1642,testing/test_session.py,0,18
2e40a8b3ca520fbb53cdb0a6239a0d03c8fd27bc,Bruno Oliveira,2018-01-20 12:04:28 -0200,,testing/logging/test_fixture.py,1,0
18e053546c6798dc801956433087cafde9986121,Bruno Oliveira,2018-01-20 11:59:23 -0200,,testing/logging/test_reporting.py,2,9
9dbcac9af39a032e9ea224d6979a859568b277fd,Bruno Oliveira,2018-01-18 21:10:35 -0200,,testing/logging/test_reporting.py,85,0
4a436572a85c9f13fba9f242f87b456f54349a32,Bruno Oliveira,2018-01-17 18:41:20 -0200,,testing/logging/test_reporting.py,3,18
8f6a5928f76f37323ea9cabf1c58472c3f1ac400,Bruno Oliveira,2018-01-17 18:38:30 -0200,,testing/logging/test_reporting.py,6,1
5d89a939779a0aafdf99dd9f5e60ec306a53cddd,Bruno Oliveira,2018-01-17 18:00:52 -0200,,testing/logging/test_reporting.py,5,19
8d735f3e1d3ff24ea15759c4a8abb0bc5776b811,Bruno Oliveira,2018-01-16 20:47:27 -0200,3013,testing/logging/test_reporting.py,18,14
aca1b06747a432e4a7bc3b8b3f98a2a59192c785,Bruno Oliveira,2018-01-16 20:32:59 -0200,3013,testing/logging/test_fixture.py,28,0
8dcd2718aa90620d9fdc872f49ba8ccbe9c9dd13,Bruno Oliveira,2018-01-16 20:00:27 -0200,3013,testing/logging/test_reporting.py,20,15
5ad1313b8a18fa3862623d2360cbeb39c202b838,Bruno Oliveira,2018-01-15 19:02:34 -0200,3013,testing/logging/test_reporting.py,29,0
7ea5a22657027d87e7b35f456e9b044a097c910e,Anders Hovmöller,2018-01-15 15:01:01 +0100,,testing/logging/test_fixture.py,21,0
4a18d7616078fa4a0c99b67501ac5e041faf5f21,feuillemorte,2018-01-17 23:14:40 +0300,1642,testing/test_session.py,0,1
d784155fd2d306157bca115cb87c8eb3c488b746,feuillemorte,2018-01-17 23:02:31 +0300,1642,testing/test_session.py,32,0
8433e2ba04b39a4edca9795f4df69f843ce8106a,feuillemorte,2018-01-16 23:35:57 +0300,2953,testing/test_mark.py,3,3
076fb56f8569ac6424182a174fc3a777c5ae75f4,feuillemorte,2018-01-16 21:30:44 +0300,,testing/test_mark.py,15,0
4a3863c2e28df69b59315a14b3a2ae4767d07ef9,Brian Maissy,2018-01-14 23:00:23 +0200,,testing/test_pdb.py,1,2
5939b336cd21c7ef7b7896ed80097765a0a22db7,Bruno Oliveira,2018-01-11 20:22:18 -0200,3088,testing/test_terminal.py,81,6
b68b80aec9562bd9757205be2c1286186e1c0043,Bruno Oliveira,2018-01-09 22:17:39 -0200,3101,testing/test_runner.py,12,0
bd1d17e8de30f6d52f9c4b61df4c6403f8f4f61c,Anthony Sottile,2017-12-26 19:47:26 -0800,,doc/en/example/assertion/failure_demo.py;extra/get_issues.py;testing/acceptance_test.py;testing/code/test_excinfo.py;testing/code/test_source.py;testing/python/collect.py;testing/python/metafunc.py;testing/test_argcomplete.py;testing/test_assertrewrite.py;testing/test_collection.py;testing/test_config.py;testing/test_conftest.py;testing/test_parseopt.py;testing/test_pluginmanager.py;testing/test_recwarn.py;testing/test_runner.py;testing/test_terminal.py,2;0;7;10;4;2;2;10;3;10;5;3;2;11;14;10;3,2;1;6;8;4;3;2;9;2;9;5;3;1;9;15;8;3
b256cd2a6a81e72cb0b7e61a842465a45c1640c9,Tzu-ping Chung,2018-01-09 14:17:25 +0800,,setup.py,21,6
205e29d843427e0ad211d48e56ac357aaaf1cdd5,Anthony Sottile,2017-12-22 08:29:48 -0800,,testing/code/test_excinfo.py;testing/test_runner.py;testing/test_skipping.py,1;2;1,1;2;1
afc607cfd81458d4e4f3b1f3cf8cc931b933907e,Ronny Pfannschmidt,2017-12-17 15:19:01 +0100,,testing/python/collect.py;testing/test_resultlog.py,2;1,5;1
f3c9c6e8a80a0f87a775cad2fdea1dd1981352b8,Jurko Gospodnetić,2017-12-08 21:04:52 +0100,,testing/acceptance_test.py;testing/deprecated_test.py;testing/test_pytester.py,3;0;238,3;1;9
370daf0441dd70dc082490de80ead536c82566c0,Segev Finer,2017-12-16 14:52:30 +0200,3038,testing/test_terminal.py,8,0
586ecea6f219d70d4075434b84a3784ec7cc948d,Bruno Oliveira,2017-12-13 20:06:49 -0200,,testing/acceptance_test.py,7,0
c3f63ac1432044271b15c4ef7959000a7a0d9bfe,Bruno Oliveira,2017-12-13 19:37:45 -0200,2127;2981,testing/acceptance_test.py,43,0
c8e7d1ae349343f17b62d84aa0b3aef50393af7e,Antony Lee,2017-12-12 17:39:10 -0800,,testing/test_assertrewrite.py,10,0
dc196242486dc52123ca086a4cfd9b6e46f2352a,Henk-Jaap Wagenaar,2017-12-12 08:26:40 +0000,,testing/acceptance_test.py,3,3
c2cd239d35c8f3a1be3f86ea1dc5f83ea8431fd6,Srinivas Reddy Thatiparthy,2017-12-11 23:24:47 +0530,,testing/code/test_source.py,2,5
3b85e0c3a985427376429a36b81e1aaea55c0887,Jurko Gospodnetić,2017-12-11 15:10:04 +0100,,testing/test_conftest.py,1,5
8e8a953ac67b74c2ee4ccefe9afa7abbd886cbba,Jurko Gospodnetić,2017-12-09 13:31:12 +0100,,testing/test_pytester.py,1,1
852b96714e2f64826ae293657f20ec88c769f6d3,Jurko Gospodnetić,2017-12-08 23:48:58 +0100,,testing/acceptance_test.py,5,5
41a6ec6f317965b4546ddc50d2ffcde259546fe5,Jurko Gospodnetić,2017-12-08 21:27:53 +0100,,testing/acceptance_test.py,2,2
7feab7391d2e4e53829f29fe898e3169b5a5b3e6,Jurko Gospodnetić,2017-12-06 15:22:45 +0100,,testing/test_pdb.py,1,1
f0bfe9de3d957867c56a4b7b514226d992049c2a,Jurko Gospodnetić,2017-12-01 13:28:39 +0100,,testing/acceptance_test.py;testing/test_conftest.py,2;1,2;1
b62fd79c0cfb6caeb6f620a033415bf0571f0f3c,Henk-Jaap Wagenaar,2017-12-06 21:55:04 +0000,,testing/acceptance_test.py,65,0
ce30896cd20953f4eca1f2acac904c3f7a8e0c78,Florian Bruhin,2017-12-05 20:02:56 +0100,3004,testing/deprecated_test.py,5,4
cf0cac3b734dd47c8f6cbf3afa759231fbb76bc9,Bruno Oliveira,2017-11-30 18:34:53 -0200,2984,testing/deprecated_test.py,13,0
652936f47fd9167fbfd858fc33c3ed431a49f230,ST John,2017-11-30 10:29:05 +0000,,testing/python/metafunc.py,7,2
e66473853c0ecd80c233eccb8833d6d19d8ac07b,ST John,2017-11-30 10:19:29 +0000,,testing/python/metafunc.py,14,0
6bbd7410397fc3ea95b48cf38a3d8070ebf80fb7,Bruno Oliveira,2017-11-28 22:42:52 -0200,2971,testing/test_terminal.py,18,0
2a75ae46c34ce88c4dde3e1a1c517eb35a98f7f5,Bruno Oliveira,2017-11-28 21:29:58 -0200,,testing/test_config.py,12,4
89cf943e041dfcef2e6ef6514d4f67b98cba50e9,Bruno Oliveira,2017-11-28 19:45:13 -0200,2957,testing/acceptance_test.py,3,3
833f33fa0cfd16885f0f93fb288cc8d18b761d8c,Roland Puntaier,2017-11-28 17:38:49 +0100,,testing/test_config.py,0,3
6843d45c516d1e0eb8e642b2085d39b4091c3374,Roland Puntaier,2017-11-28 17:29:52 +0100,2920,testing/test_config.py,6,2
796db80ca42a88defbbf1ff10ec59e9d128159fa,Bruno Oliveira,2017-11-27 23:07:29 -0200,2956,testing/test_warnings.py,13,0
d5f038e29ab3882eed8779efc98fbc3348a21ac6,Daniel Hahler,2017-11-26 20:46:06 +0100,,testing/test_assertion.py,1,1
0de1a65644ba5c4d3a1ac7d522bc0ae5666f0a49,Bruno Oliveira,2017-11-24 14:42:25 -0200,,setup.py,1,1
95de11a44e9dc1c59263455120814f25072cea2e,Bruno Oliveira,2017-11-23 19:34:52 -0200,,testing/deprecated_test.py,13,0
05cfdcc8cba7232724bc70d30337e87092de2818,Bruno Oliveira,2017-11-23 19:26:57 -0200,,testing/test_mark.py;testing/test_terminal.py,1;1,1;1
dc574c60ef186969a72d56375eb204fae820312b,Bruno Oliveira,2017-11-22 17:16:25 -0200,,testing/test_terminal.py,4,4
5e71ffab8721bf04105cd1b64d03880bd4a3683a,Sviatoslav Abakumov,2017-11-22 15:47:15 +0300,,testing/test_mark.py,17,0
f05333ab75dbd0b4a519616bbcdf762c9f3d07e6,Bruno Oliveira,2017-11-21 22:04:30 -0200,,testing/test_terminal.py,1,1
c8d52b633b6a7423633042c0eec3c67483ac13a3,Bruno Oliveira,2017-11-21 22:49:46 -0200,2939,testing/test_assertion.py,18,0
3a5dbabf6047859e2a885cbb2235e948af99aeac,Bruno Oliveira,2017-11-21 20:43:12 -0200,2657,testing/test_terminal.py,55,0
dab889304e78a734b41baa8b88146a8fef83a146,Bruno Oliveira,2017-09-27 14:42:55 -0300,2657,testing/acceptance_test.py;testing/python/fixture.py;testing/python/metafunc.py;testing/python/setup_only.py;testing/test_assertion.py;testing/test_capture.py;testing/test_terminal.py,5;8;9;1;2;1;6,5;0;5;1;2;1;6
7a7cb8c8c501c869994a3bcac542aab4f39af0b4,Bruno Oliveira,2017-11-14 20:22:25 -0200,,setup.py,1,1
219b758949a473507d46f0105b1853319c971b6c,Anthony Sottile,2017-11-17 09:02:46 -0800,,testing/test_capture.py,33,1
1f08d990d53ad3e22f8688086d0b3bd5554430a9,Bruno Oliveira,2017-11-15 13:48:08 -0200,2876,testing/deprecated_test.py,17,0
c7be83ac47363be6db6dc28e79b7b1d82ad319d9,Bruno Oliveira,2017-11-15 13:00:29 -0200,,setup.py,1,1
e87ff07370cab38fbd22fdadf89c82c0d92a1e5f,Bruno Oliveira,2017-11-14 22:27:15 -0200,2922,setup.py,1,0
dd6c5344681809a7509e45acdf3e28d03b728144,Bruno Oliveira,2017-11-14 22:08:03 -0200,2926,setup.py,1,1
8f9081248105eaa704fa79abb5e544571ab8c9e8,Anthony Sottile,2017-11-14 14:08:23 -0800,,testing/test_capture.py,26,2
d26c1e3ad9d3bb816dfdedf7b63e390f1b2abb28,Bruno Oliveira,2017-11-12 21:50:11 -0200,,setup.py,1,1
6550b9911bd38e3cb01fab0af388530b46619d4b,Bruno Oliveira,2017-11-12 11:14:55 -0200,,testing/python/fixture.py,30,38
3900879a5c261dc06ac69415b7b3507ec6142a9c,Bruno Oliveira,2017-11-09 19:14:20 -0200,2905,testing/test_warnings.py,2,0
b11640c1eb27a170e6390b4b39be8b06e23f3a5a,Bruno Oliveira,2017-11-04 13:21:34 -0200,,testing/code/test_excinfo.py,4,4
03829fde8afde32c7ee4ff0d01b728b405e24b5d,Bruno Oliveira,2017-11-04 13:17:20 -0200,,testing/code/test_excinfo.py;testing/code/test_source.py;testing/python/collect.py;testing/python/fixture.py;testing/python/integration.py;testing/python/metafunc.py;testing/test_assertion.py;testing/test_assertrewrite.py;testing/test_collection.py;testing/test_config.py;testing/test_conftest.py;testing/test_mark.py;testing/test_nose.py;testing/test_pluginmanager.py;testing/test_recwarn.py;testing/test_runner.py;testing/test_runner_xunit.py;testing/test_session.py;testing/test_skipping.py;testing/test_terminal.py;testing/test_unittest.py,2;4;4;201;4;3;6;2;3;35;14;14;35;18;2;4;4;14;3;4;11,2;4;4;201;4;3;6;2;3;35;14;14;35;18;2;4;4;14;3;4;11
f3a119c06a8197ac986241e800beabfa63725f54,Bruno Oliveira,2017-11-03 16:37:18 -0200,,testing/test_assertrewrite.py;testing/test_doctest.py;testing/test_mark.py,35;28;17,13;2;0
07b2b18a01a3ba12757a4eb1c0e082922f5299e5,Ronny Pfannschmidt,2017-08-01 11:52:09 +0200,,setup.py,6,1
2f993af54a1401460cc0f70915f28251f007344d,Thomas Hisch,2017-10-29 19:37:01 +0000,,testing/test_doctest.py,28,2
b27dde24d6fc4e737c685effe18ae121881c976c,Samuel Dion-Girardeau,2017-10-28 14:53:19 -0400,,testing/test_capture.py,16,0
27cea340f34dd4fd7f225895656a89f5468f7b1f,Bruno Oliveira,2017-10-26 21:55:28 -0200,,testing/test_assertrewrite.py,1,1
27bb2eceb43f9c2c3747cf3c0a2e999292d382fc,Bruno Oliveira,2017-10-26 20:15:05 -0200,2870,testing/test_assertrewrite.py,3,0
fd7bfa30d0a6d2415f5669bdbe035dba1fcad5b2,Sviatoslav Abakumov,2017-10-25 11:05:07 +0300,,testing/test_assertrewrite.py,11,0
3427d27d5a517a265502feba359df4f7c46ed611,Sviatoslav Abakumov,2017-10-25 10:54:43 +0300,,testing/test_assertrewrite.py,21,13
6b86b0dbfea3895a1d16d7db970d3ea91de92ecc,Bruno Oliveira,2017-10-24 21:01:00 -0200,,testing/logging/test_fixture.py,1,1
52aadcd7c126f05a7219db88ac8d3d233b3de5c3,Sviatoslav Abakumov,2017-10-24 11:17:01 +0300,2856,testing/test_mark.py,17,0
c03612f729a81f60002b540cc1b1310f4fa94752,Tom Dalton,2017-10-23 12:40:32 +0100,,testing/test_collection.py,2,2
29fa9d5bff93c90526286117ddc788799ff18673,Tom Dalton,2017-10-23 12:28:54 +0100,,testing/test_collection.py,26,0
f7387e45ea0b163ba4944801fdb70c521d7b8cc8,Bruno Oliveira,2017-10-19 21:50:15 -0200,,testing/python/fixture.py,0,1
3da28067f306582a10b798ba527356d62c1f4f86,Ceridwen,2017-10-19 16:01:26 -0700,,setup.py;testing/python/fixture.py,4;1,1;4
00d3abe6dcb63a94c1b76b4187fdef07510048a7,Jesús Espino,2017-10-17 17:53:47 +0200,,testing/test_collection.py;testing/test_terminal.py,2;0,4;1
eaf38c72391efcfde8efc852c0921eb6374787de,je,2017-10-14 00:47:02 +0800,,testing/test_doctest.py,28,0
8aed5fecd9f5b3b715b4cb00c6e2b72dd86f6e70,Thomas Hisch,2017-10-12 01:34:03 +0200,,testing/test_capture.py,0,17
0e83511d6d6fa0f6619df8a17b7c04de8e21acba,Thomas Hisch,2017-09-26 23:34:54 +0200,,testing/logging/test_reporting.py,7,7
815dd19fb4b265e9a29ed98bf612953858fb3bbd,Thomas Hisch,2017-09-26 23:27:38 +0200,,testing/logging/test_fixture.py,4,7
10a3b9118b70ae287b32c218d89a5a5e0c145127,Bruno Oliveira,2017-10-11 19:37:17 -0300,,testing/test_config.py,1,1
ce8c829945ef30352cc7bec750b91eda85eba8f9,Dirk Thomas,2017-10-10 10:03:15 -0700,2824,testing/test_config.py,8,0
7113c76f0d76378e16b54b5d8d4dc466e1f38935,hugovk,2017-10-10 09:03:26 +0300,,testing/code/test_excinfo.py,0,1
ef732fc51d9d2ace3166cbbad21a608a3d4bfc4d,hugovk,2017-10-10 08:54:56 +0300,,doc/en/example/multipython.py;setup.py;testing/acceptance_test.py;testing/code/test_excinfo.py;testing/code/test_source.py;testing/python/approx.py;testing/python/collect.py;testing/test_assertrewrite.py;testing/test_config.py;testing/test_parseopt.py;testing/test_unittest.py,1;1;1;2;0;0;4;1;1;1;0,1;1;1;8;2;6;11;1;1;7;5
88366b393ce1501ac73351239838fd5fa708c115,Ronny Pfannschmidt,2017-10-09 16:35:33 +0200,,setup.py,9,8
e86ba41a320f2dd4b28eb1f96eddf77069f46950,Leonard Lausen,2017-10-09 01:02:54 +0900,2819,testing/test_mark.py,18,0
03ce0adb79b012a6a34adb2d2fe6a6d9ba9b6fb2,George Y. Kussumoto,2017-10-04 19:18:55 -0300,,testing/test_skipping.py,8,3
df6d5cd4e7df94f276281a48826202b622c0a68d,Bruno Oliveira,2017-10-03 11:09:24 -0300,,testing/test_warnings.py,1,1
fbb9e9328bbc008be02ad050d5703a44c90e46d2,Bruno Oliveira,2017-10-02 16:20:51 -0300,2809,testing/test_warnings.py,21,1
06307be15d2db8d327c5f6f82d07aa590b760472,George Y. Kussumoto,2017-10-01 18:39:14 -0300,,testing/test_skipping.py,34,0
f9589f7b6487062474ba7a6af583e3360c2e6bae,Bruno Oliveira,2017-09-29 17:24:31 -0300,1993,testing/test_capture.py,12,2
22f338d74d19e188a5a88a51cc722b771b07c24c,Bruno Oliveira,2017-09-26 19:54:26 -0300,,testing/test_capture.py,10,10
9919269ed048b6e9147ee3301532e3591b9a112b,Bruno Oliveira,2017-09-26 02:34:41 -0300,2709,testing/test_capture.py,34,0
ad21d5cac4a65d3b2d167453d1f92f053b86f5fb,Thomas Hisch,2017-09-17 14:28:18 +0200,,testing/logging/test_fixture.py,0,26
3e71a50403b6eeaee9d309f9a67bac98b67a5629,Thomas Hisch,2017-09-13 18:02:28 +0200,,testing/test_capture.py,0,1
1ba219e0da9a62a82dc6ad3c154c4df948a5bf32,Thomas Hisch,2017-09-13 15:08:31 +0200,,testing/test_capture.py,0,2
a8e3effb6c25129bc828df02fa9234b1f7aea1e4,Thomas Hisch,2017-09-13 15:04:26 +0200,,setup.py,1,1
6607478b23316653335de85e4a6eb2ec6d7e90c3,Thomas Hisch,2017-09-13 13:12:07 +0200,,testing/logging/test_fixture.py;testing/logging/test_reporting.py,99;398,0;0
c89827b9f2b42352a388fa1a013f6b51d0f33cb8,Ofir,2017-09-19 15:23:07 +0300,,testing/test_pluginmanager.py,8,3
2802135741a69fac1a22fa29832cd9b5605d87d1,Oliver Bestwalter,2017-09-19 12:41:12 +0200,,testing/python/show_fixtures_per_test.py,21,0
afe7966683903316866bee75fcb3c94414449011,Bruno Oliveira,2017-09-18 21:36:54 -0300,,testing/python/collect.py,1,1
14b6380e5f8c2e26aa518de8a499978eb9601848,Christian Boelsen,2017-09-13 17:14:24 +0100,2775,testing/acceptance_test.py,3,1
abfd9774ef0f89d5430abf1b83a37ddf268e351b,Bruno Oliveira,2017-09-12 17:59:09 -0300,,testing/code/test_source.py,0,1
1e930891659ef5c3197daf52428923c5ab83ad3b,Xuan Luong,2017-09-09 01:20:56 -0400,,testing/test_mark.py,12,0
6cf515b1648061e87bf40ec5a5cbb7f1aa543465,Evan,2017-09-04 21:40:56 +1000,,testing/test_argcomplete.py,1,1
aa6a67044f1620797ac6dee3faa4e77368970c97,Joan Massich,2017-09-06 01:13:08 +0200,,testing/test_recwarn.py,10,8
7d59b2e350cbff1454355bc5225fc0f93bbba3a7,Bruno Oliveira,2017-09-05 19:08:20 -0300,,testing/test_collection.py,1,1
8d1903fed386e5d2060c8a61339f0dd9d4df3b8f,Tarcisio Fischer,2017-09-05 15:22:04 -0300,2751,testing/test_collection.py,0,1
d8ecca5ebd929f1be49033f8a06eed97494af3da,Joan Massich,2017-08-22 13:48:29 +0200,,testing/test_recwarn.py,22,0
3dc0da9339e4952cb276b32f451fa8cdc23d38be,Bruno Oliveira,2017-08-30 20:23:55 -0300,,testing/python/collect.py;testing/test_collection.py;testing/test_pluginmanager.py;testing/test_runner.py;testing/test_unittest.py,5;5;0;7;4,3;3;17;5;2
11ec6aeafb6f07047c043055f4beb33d83f1d4ba,Bruno Oliveira,2017-09-01 18:33:30 -0300,2737,setup.py,5,1
3288c9a110558b703a89896a5e3f08ff58dfa732,Bruno Oliveira,2017-08-31 19:11:20 -0300,2739,testing/deprecated_test.py,4,1
221797c609d9d032c48df0b7e4d0b4f062eb0c0e,Bruno Oliveira,2017-08-31 17:40:05 -0300,2738,testing/test_pytester.py,11,0
59cdef92beebc9054a1c366afc27e079116af1b6,Fernando Macedo,2017-08-30 16:06:12 -0300,2731,testing/code/test_code.py,22,0
fe415e3ff89f1514e3ed21b2cd9cc7d7dc9caceb,Tyler Goodlet,2017-08-25 11:49:02 -0400,,setup.py,1,1
ff35c17ecf61053727a3f453d9d37d2d5969f41d,Tyler Goodlet,2017-08-25 11:46:55 -0400,,testing/test_terminal.py,1,1
756db2131f6009f0fee2b20e82484f3db1188f47,Tyler Goodlet,2017-08-24 16:53:24 -0400,,setup.py,1,1
333a9ad7fa9062773784ab654f9f851127791785,Tyler Goodlet,2017-08-24 15:54:33 -0400,2716,setup.py,1,1
12b1bff6c5cf167662870ea212fa6d8061d48e94,Kirill Pinchuk,2017-08-21 17:28:29 +0300,,testing/test_compat.py,26,1
a993add78331dbebdc6bc3cec8100644eaa96402,Bruno Oliveira,2017-08-17 20:37:51 -0300,2699,testing/python/collect.py;testing/python/fixture.py,12;6,2;0
98bf5fc9beab7891014659ec82cb0008fb012df3,prokaktus,2017-08-12 16:50:54 +0300,,testing/test_skipping.py,22,0
eb462582afa3ca83b2c278bc52fc4094e65f6553,Ronny Pfannschmidt,2017-08-10 09:05:22 +0200,2675,testing/python/metafunc.py,1,1
cc0f2473eb054c7ad3ac687161f634305a458016,Bruno Oliveira,2017-08-07 20:55:28 -0300,2666,testing/test_capture.py,17,0
a0101f024e65ca68140f9098469fe686ce1f445f,Srinivas Reddy Thatiparthy,2017-07-29 00:33:07 +0530,,testing/test_config.py,11,1
dc563e4954403c5b9738e903ca224cc099b3f526,Srinivas Reddy Thatiparthy,2017-08-02 23:03:52 +0530,,setup.py,1,1
ad52f714a9b6c9b2d27e372b98078cd9d94e469d,Bruno Oliveira,2017-08-03 20:54:33 -0300,2579,testing/test_terminal.py,10,0
1deac2e210040acf0999d76615276a96d7af5a38,Bruno Oliveira,2017-08-01 20:49:07 -0300,2644,testing/acceptance_test.py,14,1
2e61f702c09899bf375dba0c59eec3760fdd8990,Jordan Moldow,2017-07-29 02:39:17 -0700,2631,testing/code/test_excinfo.py,30,0
be401bc2f87ee3ab6fb48a2dd4d415581f847a6e,Ronny Pfannschmidt,2017-07-28 18:27:59 +0200,,testing/test_runner.py,0,1
06a49338b2b1be8daed89f779439459a2cb4cbc7,Ronny Pfannschmidt,2015-09-19 01:03:05 +0200,580,testing/test_runner.py,11,2
17c544e793f95a7e0423114a435ff51c17e8ad5e,Bruno Oliveira,2017-07-27 10:34:49 -0300,2622,testing/test_terminal.py,17,0
f8bd693f8348dbf5b0536b5529cc5a4884bf06b7,Lawrence Mitchell,2017-07-26 10:58:38 +0100,,setup.py,2,1
a546a612bde02292488b6f9b3185a950d61fbe94,Lawrence Mitchell,2017-07-25 19:54:27 +0100,920,testing/python/fixture.py,0,1
b39f957b88b6f44252c0ad2eb289b92fd7937f8e,Lawrence Mitchell,2017-07-26 10:08:54 +0100,920,testing/python/fixture.py,34,0
80f4699572c0ccd304f30a9451d1728066b0db27,Bruno Oliveira,2017-07-25 19:15:21 -0300,,testing/python/approx.py,14,0
0603d1d500c14a67715e486568b50f15b2086616,Daniel Hahler,2017-07-05 21:54:33 +0200,,testing/test_capture.py,10,0
869eed9898df0d06c7d9be916d4224141c7dd3fe,Daniel Hahler,2017-07-04 12:57:15 +0200,,testing/test_skipping.py,1,1
d40d77432c71d8eaa6bbc1dfb908fbcd4fe2bbb1,Nguyễn Hồng Quân,2017-07-24 23:07:45 +0700,,testing/test_doctest.py,16,0
bda07d8b277ed4d3027a58e932a0444789670ed3,Bruno Oliveira,2017-07-22 15:04:05 -0300,,testing/test_unittest.py,50,55
0726d9a09f26dece8f0638bb644add34c3e9359f,Bruno Oliveira,2017-07-20 23:11:14 -0300,2588,testing/python/collect.py;testing/python/metafunc.py;testing/python/setup_only.py;testing/test_mark.py;testing/test_recwarn.py;testing/test_unittest.py;testing/test_warnings.py,11;2;1;1;1;7;4,1;1;1;0;27;7;0
65b2de13a370ef743bf9be3259fc34ed43da29f1,Ronny Pfannschmidt,2017-07-21 07:26:56 +0200,2540,testing/test_mark.py,13,0
7341da1bc127f69b51957784252e1cd00623dfc0,Bruno Oliveira,2017-07-20 22:02:21 -0300,,testing/test_warnings.py,29,0
22f54784c23793831699b5c239d3a4b534a2aa4d,Bruno Oliveira,2017-07-20 19:14:54 -0300,,testing/code/test_excinfo.py;testing/code/test_source.py;testing/test_capture.py;testing/test_conftest.py;testing/test_runner.py,8;2;14;2;2,8;17;14;2;2
da12c5234737b7afb2865dc0a2bd99ee138678d3,Bruno Oliveira,2017-07-20 21:05:40 -0300,,testing/test_capture.py,1,1
24da93832138b048c9126bbd7f1ab7bf6c091edf,Bruno Oliveira,2017-07-19 17:42:21 -0300,,testing/code/test_source.py;testing/python/approx.py,2;3,1;1
2d4f1f022eb83d3029a35c3ef854534263af6c16,Bruno Oliveira,2017-07-18 17:18:34 -0300,2583,testing/test_runner.py,27,0
7b1870a94ed27b6e4517026d248c756df1ce9b8e,Bruno Oliveira,2017-07-17 21:16:14 -0300,,testing/code/test_excinfo.py;testing/code/test_source.py;testing/python/approx.py;testing/python/collect.py;testing/test_capture.py;testing/test_conftest.py;testing/test_mark.py;testing/test_runner.py,8;3;15;1;13;2;1;2,8;4;14;1;13;2;2;2
b49e8baab3759d70d4af138d76cf28321f3e7807,Andras Tim,2017-07-17 01:25:10 +0200,,testing/test_session.py,4,1
15610289ac720bbdd90c5b69b6a5ef6405a2c4ab,Andras Tim,2017-07-17 01:25:10 +0200,,testing/test_parseopt.py,4,4
5ae59279f48b500625b8cffb8ca3e6f8386aa291,Andras Tim,2017-07-17 01:25:10 +0200,,testing/python/fixture.py;testing/python/metafunc.py;testing/test_runner.py,10;48;10,5;24;5
85141a419f7c8ca314ff682ad58b18f1485da993,Andras Tim,2017-07-17 01:25:10 +0200,,testing/code/test_code.py;testing/code/test_excinfo.py;testing/python/metafunc.py;testing/test_recwarn.py,10;4;4;4,6;2;2;2
7d2ceb7872c653019cd07fc0a405410072860e1e,Andras Tim,2017-07-17 01:25:10 +0200,,testing/python/approx.py;testing/python/metafunc.py,2;21,1;5
b9e318866eab409ae6487a5790a87610d6933258,Andras Tim,2017-07-17 01:25:09 +0200,,testing/code/test_excinfo.py;testing/test_assertrewrite.py,4;6,4;6
45ac863069a45d4874370c2028aa7f2aae2cff91,Andras Tim,2017-07-17 01:25:09 +0200,,testing/test_argcomplete.py;testing/test_collection.py;testing/test_config.py;testing/test_parseopt.py,2;2;2;2,1;1;1;1
7248b759e88ff282cab5bf289d4d7047ef0bfaad,Andras Tim,2017-07-17 01:25:09 +0200,,testing/acceptance_test.py;testing/code/test_excinfo.py;testing/code/test_source.py;testing/python/collect.py;testing/python/fixture.py;testing/python/metafunc.py;testing/python/raises.py;testing/test_capture.py;testing/test_collection.py;testing/test_config.py;testing/test_doctest.py;testing/test_mark.py;testing/test_pdb.py;testing/test_recwarn.py;testing/test_skipping.py;testing/test_terminal.py;testing/test_warnings.py,0;0;0;0;0;0;0;0;0;0;0;0;0;0;0;0;0,3;3;1;4;8;5;1;2;1;1;1;2;2;1;1;1;1
b840622819ee9867e92b094a07b371be68a1a43b,Andras Tim,2017-07-17 01:25:09 +0200,,testing/code/test_code.py;testing/code/test_excinfo.py;testing/code/test_source.py;testing/freeze/tests/test_trivial.py;testing/python/collect.py;testing/python/fixture.py;testing/python/integration.py;testing/test_argcomplete.py;testing/test_assertion.py;testing/test_assertrewrite.py;testing/test_capture.py;testing/test_collection.py;testing/test_config.py;testing/test_conftest.py;testing/test_helpconfig.py;testing/test_junitxml.py;testing/test_mark.py;testing/test_monkeypatch.py;testing/test_nose.py;testing/test_parseopt.py;testing/test_pastebin.py;testing/test_pluginmanager.py;testing/test_pytester.py;testing/test_resultlog.py;testing/test_runner.py;testing/test_runner_xunit.py;testing/test_session.py;testing/test_skipping.py;testing/test_terminal.py;testing/test_tmpdir.py;testing/test_unittest.py;testing/test_warnings.py,8;20;37;1;3;8;2;5;17;2;5;6;7;15;7;3;7;1;10;2;1;2;3;2;15;12;5;12;13;5;23;1,0;0;0;0;0;0;0;0;0;0;0;0;0;0;0;0;0;0;0;0;0;0;0;0;0;0;0;0;0;0;0;0
17a21d540bb7d5e8fc2da115b29e6f5c0c966b43,Andras Tim,2017-07-17 01:25:09 +0200,,testing/acceptance_test.py;testing/code/test_excinfo.py;testing/code/test_source.py;testing/python/metafunc.py;testing/test_argcomplete.py;testing/test_pytester.py;testing/test_terminal.py,1;5;1;1;1;1;1,0;0;0;0;0;0;0
4730c6d99d017dacd4a0788c3f2cd2d041bc4968,Andras Tim,2017-07-17 01:25:09 +0200,,testing/test_config.py,1,1
c9a081d1a3344787bb30f9526036922fd7fcad1d,Andras Tim,2017-07-17 01:25:09 +0200,,testing/test_conftest.py;testing/test_parseopt.py,3;1,3;1
195a81652239142f715d8d765b83429240e19c70,Andras Tim,2017-07-17 01:25:09 +0200,,testing/acceptance_test.py;testing/code/test_excinfo.py;testing/code/test_source.py;testing/python/fixture.py;testing/test_assertion.py;testing/test_capture.py;testing/test_collection.py;testing/test_conftest.py;testing/test_doctest.py;testing/test_helpconfig.py;testing/test_pdb.py;testing/test_pluginmanager.py;testing/test_resultlog.py;testing/test_runner.py;testing/test_session.py;testing/test_skipping.py;testing/test_terminal.py,3;5;7;1;1;1;3;1;1;1;2;3;1;22;5;3;3,3;5;7;1;1;1;3;1;1;1;2;3;1;22;5;3;3
8f3eb6dfc7d5e9ceca694ccf2c4906bbea969faf,Andras Tim,2017-07-17 01:25:09 +0200,,testing/acceptance_test.py;testing/code/test_excinfo.py;testing/code/test_source.py;testing/python/collect.py;testing/python/fixture.py;testing/python/integration.py;testing/test_assertion.py;testing/test_assertrewrite.py;testing/test_pdb.py;testing/test_resultlog.py;testing/test_runner.py;testing/test_session.py;testing/test_skipping.py;testing/test_terminal.py,3;6;2;2;1;2;1;1;4;1;2;2;1;1,3;6;2;2;1;2;1;1;4;1;2;2;1;1
b226454582f8fbf083e31cc54e67c52e36176e53,Andras Tim,2017-07-17 01:25:08 +0200,,testing/test_config.py;testing/test_parseopt.py;testing/test_resultlog.py;testing/test_skipping.py;testing/test_terminal.py,1;1;4;1;1,1;1;4;1;1
4c24947785f9dd758038742d66376db5942cf76e,Andras Tim,2017-07-17 01:25:08 +0200,,testing/test_conftest.py;testing/test_doctest.py,16;3,16;3
617e510b6e4fb2e95a1486c8f30dd1e7583be248,Andras Tim,2017-07-17 01:25:08 +0200,,testing/acceptance_test.py;testing/code/test_excinfo.py;testing/code/test_source.py;testing/python/approx.py;testing/python/collect.py;testing/python/fixture.py;testing/python/metafunc.py;testing/test_argcomplete.py;testing/test_assertion.py;testing/test_assertrewrite.py;testing/test_capture.py;testing/test_collection.py;testing/test_config.py;testing/test_conftest.py;testing/test_mark.py;testing/test_parseopt.py;testing/test_pastebin.py;testing/test_runner.py;testing/test_terminal.py,2;1;5;1;4;9;22;5;2;1;1;3;1;1;1;3;2;1;5,2;1;5;1;4;9;22;5;2;1;1;3;1;1;1;3;2;1;5
4b22f270a3583c97034ab63a343defbee146666a,Andras Tim,2017-07-17 01:25:08 +0200,,testing/acceptance_test.py;testing/code/test_excinfo.py;testing/code/test_source.py;testing/test_assertion.py;testing/test_resultlog.py;testing/test_runner.py;testing/test_runner_xunit.py;testing/test_skipping.py,1;5;2;8;1;1;1;1,1;5;2;8;1;1;1;1
2e8caefcab33942a754ee7ddf7697fe487a4367a,Andras Tim,2017-07-17 01:25:08 +0200,,testing/acceptance_test.py;testing/code/test_source.py;testing/python/fixture.py;testing/test_assertion.py;testing/test_conftest.py;testing/test_parseopt.py;testing/test_pdb.py;testing/test_skipping.py,1;2;2;5;3;1;1;1,1;2;2;5;3;1;1;1
3fabc4d21918a0927a1717e2616862400bde5440,Andras Tim,2017-07-17 01:25:08 +0200,,testing/test_collection.py,3,3
f640e0cb0481b239d1e3c705d0dbadb2a618ef17,Andras Tim,2017-07-17 01:25:08 +0200,,testing/code/test_excinfo.py,10,10
ebb6d0650b6722cefba0a640b1f7e5486a6b8ea6,Andras Tim,2017-07-17 01:25:08 +0200,,testing/test_assertrewrite.py,9,9
ba0a4d0b2e385a5bc65345a3dda81588825c0566,Andras Tim,2017-07-17 01:25:08 +0200,,testing/code/test_excinfo.py;testing/test_assertion.py,1;1,1;1
1ff54ba205925521faf12a9d1838c8893be5dcf0,Andras Tim,2017-07-17 01:25:08 +0200,,testing/python/approx.py;testing/python/metafunc.py;testing/test_argcomplete.py,1;1;2,1;1;2
df54bf0db524a9c8e5b6c2847c56d1589f533087,Andras Tim,2017-07-17 01:25:07 +0200,,testing/code/test_excinfo.py;testing/python/approx.py;testing/test_assertion.py;testing/test_mark.py;testing/test_skipping.py;testing/test_terminal.py,3;40;5;9;1;1,3;40;5;9;1;1
cf97159009723be555aaa724df18f6f38a417bd2,Andras Tim,2017-07-17 01:25:07 +0200,,testing/code/test_excinfo.py;testing/python/collect.py;testing/python/metafunc.py;testing/test_argcomplete.py;testing/test_assertrewrite.py;testing/test_capture.py;testing/test_config.py;testing/test_doctest.py;testing/test_parseopt.py;testing/test_pluginmanager.py;testing/test_terminal.py,1;3;4;4;1;1;1;4;1;1;4,1;3;4;4;1;1;1;4;1;1;4
57438f3efe487106a5bc779237c5e4e84bd3f4f0,Andras Tim,2017-07-17 01:25:07 +0200,,testing/code/test_excinfo.py;testing/python/integration.py;testing/test_collection.py;testing/test_parseopt.py,1;1;1;1,1;1;1;1
e855a79dd4d3976c3432f08c4b5f57333dcb3917,Andras Tim,2017-07-17 01:25:07 +0200,,testing/code/test_source.py;testing/python/approx.py;testing/test_assertion.py;testing/test_mark.py;testing/test_pluginmanager.py;testing/test_resultlog.py,1;28;1;4;1;1,1;28;1;4;1;1
051d76a63f6b220e38cc53a54efe4bf800a3dcf3,Andras Tim,2017-07-17 01:25:07 +0200,,testing/acceptance_test.py;testing/code/test_excinfo.py;testing/python/metafunc.py;testing/test_assertrewrite.py;testing/test_terminal.py,1;1;3;1;1,1;1;3;1;1
4b20b9d8d9fe4a027c425c6feeb8d7ed39c86ee3,Andras Tim,2017-07-17 01:25:07 +0200,,testing/python/fixture.py;testing/test_runner.py;testing/test_terminal.py,1;5;5,1;5;5
425665cf25dd9a3f20982287338ca8e770531872,Andras Tim,2017-07-17 01:25:07 +0200,,testing/python/fixture.py;testing/test_assertrewrite.py;testing/test_terminal.py,1;1;2,1;1;2
0be97624b745581af68bb9a0e2c1d04a249c55bf,Andras Tim,2017-07-17 01:25:07 +0200,,testing/python/approx.py;testing/python/fixture.py;testing/test_terminal.py,9;6;3,9;8;3
6146ac97d9f79bb9ee5f8a26cbe4298f6fe06987,Andras Tim,2017-07-17 01:25:06 +0200,,testing/test_conftest.py;testing/test_doctest.py;testing/test_monkeypatch.py;testing/test_unittest.py;testing/test_warnings.py,4;1;1;1;2,4;1;1;1;2
6af2abdb53ed5277d7c43bfec0ec646b2a35a814,Andras Tim,2017-07-17 01:25:06 +0200,,testing/code/test_source.py;testing/freeze/create_executable.py;testing/freeze/runtests_script.py;testing/freeze/tests/test_trivial.py;testing/freeze/tox_run.py;testing/python/approx.py;testing/python/fixture.py;testing/test_config.py;testing/test_doctest.py;testing/test_junitxml.py;testing/test_pastebin.py;testing/test_resultlog.py;testing/test_runner.py,4;0;1;1;1;0;0;0;0;0;0;0;0,1;1;1;1;1;1;3;1;1;1;2;2;2
ba9a76fdb33de948113b0e1908c9a8f95fde1627,Llandy Riveron Del Risco,2017-07-15 16:15:26 +0200,2375,testing/test_capture.py,9,0
e5169a026a0da6a23c4068157824fd7b82b2337e,Martin Altmayer,2017-07-15 13:33:11 +0200,2574,testing/python/fixture.py,61,4
67fca040503b30ff7d23f6962c1387c8f621c80c,John Still,2017-07-11 23:14:38 -0500,,testing/test_collection.py,48,1
8a7d98fed9a9bf14576066dae15c63d6320661b2,Pauli Virtanen,2017-07-10 21:07:55 +0200,,testing/deprecated_test.py,4,0
221f42c5cea1e8a3b4603db1f82d3c4f8b852892,Bruno Oliveira,2017-07-04 20:13:37 -0300,2444,testing/test_skipping.py,1,1
8524a5707549225f60587ef7d965c5e3eb288681,Kale Kundert,2017-07-03 22:44:37 -0700,,testing/python/approx.py,4,4
9b9fede5beef291887853ebf0d4c2cc60f6fbfc2,Nathaniel Waisbrot,2017-06-25 13:56:50 -0400,,testing/python/collect.py,20,0
19b12b22e7e5c23bb9a9a0e74ca36d441481973f,Ronny Pfannschmidt,2017-06-22 10:48:45 +0200,2516,testing/test_mark.py,23,1
50769557e820e3b58d00d2727c9355d6d8dd6833,Kale Kundert,2017-06-15 14:53:27 -0700,,testing/python/approx.py,1,2
8badb47db60d43966a56cfe5f0630e38358c309a,Kale Kundert,2017-06-15 09:03:31 -0700,,testing/python/approx.py,23,31
4e4ebbef5a30c28085e0d4a01676f21ed15263f4,Bruno Oliveira,2017-06-13 19:54:14 -0300,,testing/python/fixture.py,13,6
b09d60c60a476a09c67f8378135a3ef0386cc2c8,Bruno Oliveira,2017-06-13 19:34:05 -0300,2434,testing/test_doctest.py,19,0
5a856b6e29172cb9f38e7e8c5413e13684307ec0,Ryan Fitzpatrick,2017-06-12 20:39:42 -0400,,testing/python/fixture.py,26,0
9f3122fec68488f2fdd41da40eef227372168ad4,Kale Kundert,2017-06-11 19:27:41 -0700,1994,testing/python/approx.py,105,26
8bb589fc5dc4eafffe051d6a665c18d8c5f8c0d2,Bruno Oliveira,2017-06-09 18:47:07 -0300,2486,testing/code/test_excinfo.py,23,0
2127a2378ad92bf0483f7659524027ab3c49ab15,Bruno Oliveira,2017-06-06 12:41:15 -0300,2459,testing/code/test_excinfo.py,33,0
620ba5971f7c44b36f1c6b62d70c89914c6a071e,Bruno Oliveira,2017-06-06 22:25:15 -0300,2469,testing/test_recwarn.py,48,10
9d41eaedbf098ad62f7b41de889230a82260b523,Bruno Oliveira,2017-06-05 10:43:15 -0300,2463,testing/test_warnings.py,1,1
46d157fe07c4b85c9f9ccefcb3d6e3309b0ad922,Bruno Oliveira,2017-06-03 18:42:26 -0300,,testing/test_runner.py;testing/test_terminal.py,2;9,2;0
87e4a28351ac372f553b9fe588da37cb35aa1b81,Bruno Oliveira,2017-06-03 18:26:34 -0300,2464,testing/acceptance_test.py;testing/test_collection.py,2;14,2;5
f74f14f038285b030ce34f3b0c8f9c59eea08e2d,Segev Finer,2017-05-31 23:55:30 +0300,1999,testing/test_conftest.py,12,0
c98ad2a0a0c8c1de278255cfec534dd928be2e85,Andreas Pelme,2017-05-31 08:32:51 +0200,,setup.py,1,1
ac9c8fcdab8fcaa932100fed9dd67424609e310b,Andreas Pelme,2016-12-16 15:29:08 +0100,2121,testing/test_assertrewrite.py,14,0
32e2642233aa7a2270df485d57b44280e695ce19,Bruno Oliveira,2017-05-29 18:59:34 -0300,2430,testing/test_recwarn.py;testing/test_warnings.py,8;34,3;12
f96a1d89c5e8a76708b686c09c16a8017292bf40,Bruno Oliveira,2017-05-29 22:46:15 -0300,2441,testing/test_recwarn.py,10,7
836dc451f46f63ea7ae0f1ec0132b507838466f2,Bruno Oliveira,2017-05-25 17:08:32 -0300,2434,testing/test_doctest.py,22,0
d7a5c5716f2386c083a2658708c4a3d9eda522c4,wanghui,2017-05-26 13:12:02 +0800,,testing/test_warnings.py,31,0
c39689da41eee6656d2956d20c09b6725151583d,wanghui,2017-05-25 17:59:42 +0800,,testing/test_warnings.py,29,0
f39f416c5d84530f6839b9ea7a3c5303a61329f8,Bruno Oliveira,2017-05-12 17:52:50 -0300,,testing/test_junitxml.py,14,16
c9282f9e948a928dabfafa3b217ebb006a8ac223,Dmitri Pribysh,2017-05-12 04:45:20 +0300,,testing/test_junitxml.py,3,2
fe7d89f03370d087769c6093d7dac70f83160e0c,Dmitri Pribysh,2017-02-22 23:31:30 +0300,,testing/test_junitxml.py,27,0
60b8339166db2c7b6cc9e313bde46f6314228079,Vitaly Lashmanov,2017-04-29 14:32:09 +0300,2383,testing/test_mark.py,17,0
e02cb6d7ce804d242496e50cb7e892b740290dcd,Ronny Pfannschmidt,2017-04-23 16:59:08 +0200,,setup.py,19,13
dcefb287fc2bd50c22af10f468e7146e7c4d48f5,Kodi Arfer,2017-04-19 12:26:56 -0700,,testing/python/collect.py,28,0
2cf422733c0fadb43a707eb6c942425f2cc312a1,Ronny Pfannschmidt,2017-04-19 20:25:53 +0200,,setup.py,1,3
c3aee4b1e64efa7893bcacbfde793e04f01a8dda,Ronny Pfannschmidt,2016-08-21 18:13:32 +0200,186,setup.py,4,10
0baf5e149988c55da937385aa0a4e40bd23663b5,Bruno Oliveira,2017-03-07 21:29:46 -0300,,testing/test_helpconfig.py,1,1
83c508eea3dfc4f79f85c8bc95e3649a4a15617a,Bruno Oliveira,2017-03-07 21:02:52 -0300,1821,testing/acceptance_test.py,28,0
1b5f898dc56dca92dc8a9a2ca10daf1e7cf9291f,Bruno Oliveira,2017-04-06 14:58:07 -0300,,testing/test_assertrewrite.py,18,0
333ce9849d55b9f8de16d1c1ca4138a27281b6cf,reut,2017-04-06 10:54:47 +0000,,testing/acceptance_test.py,14,0
58ac4faf0c6338439f9b8335709a6bc216d7cd1c,Bruno Oliveira,2017-03-29 14:38:14 -0300,2336,testing/python/collect.py,17,0
4d31ea83160331d8eb97de477bc3476d1a39653f,Ronny Pfannschmidt,2017-03-15 18:26:01 +0100,,testing/test_modimport.py,4,0
bb750a794566c2e2b10066d37ceba49cdfba7238,Ronny Pfannschmidt,2017-03-15 18:11:19 +0100,,testing/test_modimport.py,21,0
74b54ac0ec9c64d8a6693afdb3e2a6da4eef92c6,Bruno Oliveira,2017-03-21 22:32:41 -0300,,testing/acceptance_test.py,6,1
fa56114115d8948c5960895034f6481700ffe6f2,Bruno Oliveira,2017-03-20 22:01:22 -0300,,testing/acceptance_test.py;testing/python/fixture.py;testing/python/metafunc.py;testing/test_config.py;testing/test_parseopt.py,9;26;2;1;8,3;15;1;1;7
e368fb4b29912fe618d523b2ca9197016738d7d6,Ronny Pfannschmidt,2016-09-07 11:00:27 +0200,,testing/python/metafunc.py;testing/test_mark.py,68;22,31;6
4d947077bbed4862d4e0a055ce967ba490be96af,Bruno Oliveira,2017-03-16 23:07:03 -0300,,testing/code/test_excinfo.py,1,1
e5021dc9dc59c73e03e3beadd14de771a4c6b1bd,Bruno Oliveira,2017-03-16 22:27:28 -0300,,testing/python/collect.py;testing/test_capture.py;testing/test_mark.py,6;3;1,4;3;1
42a5d6bdfa620fc13809c861a05077ef6d6f2a6a,Bruno Oliveira,2017-03-16 22:21:30 -0300,,testing/acceptance_test.py;testing/code/test_code.py;testing/code/test_excinfo.py;testing/code/test_source.py;testing/deprecated_test.py;testing/test_argcomplete.py;testing/test_assertion.py;testing/test_assertrewrite.py;testing/test_capture.py;testing/test_collection.py;testing/test_compat.py;testing/test_config.py;testing/test_conftest.py;testing/test_doctest.py;testing/test_entry_points.py;testing/test_helpconfig.py;testing/test_junitxml.py;testing/test_mark.py;testing/test_monkeypatch.py;testing/test_nose.py;testing/test_parseopt.py;testing/test_pastebin.py;testing/test_pdb.py;testing/test_pluginmanager.py;testing/test_pytester.py;testing/test_recwarn.py;testing/test_resultlog.py;testing/test_runner.py;testing/test_runner_xunit.py;testing/test_session.py;testing/test_skipping.py;testing/test_terminal.py;testing/test_tmpdir.py;testing/test_unittest.py,1;1;1;1;1;1;1;1;1;1;1;1;1;1;1;1;2;1;1;1;1;1;1;1;1;1;1;1;5;1;1;1;1;1,0;0;0;0;0;1;0;0;0;0;0;0;0;0;0;0;2;0;0;0;1;0;0;0;0;0;0;1;3;0;0;0;0;0
78194093afe6bbb82aa2e636b67046ce96b7c238,Bruno Oliveira,2017-03-16 21:55:03 -0300,,testing/deprecated_test.py;testing/python/collect.py;testing/test_assertion.py;testing/test_config.py;testing/test_junitxml.py;testing/test_warnings.py,1;5;4;1;1;4,1;5;1;1;1;4
be5db6fa228e0d310194ecd64ad7e6795263c39f,Bruno Oliveira,2017-03-16 21:54:41 -0300,,testing/test_recwarn.py,3,1
337f891d7808b081161238bbb2391f7e8e2d66ec,Bruno Oliveira,2017-03-07 20:47:43 -0300,,testing/deprecated_test.py;testing/test_assertion.py;testing/test_config.py;testing/test_junitxml.py;testing/test_pluginmanager.py;testing/test_terminal.py;testing/test_warnings.py,1;1;4;5;2;8;0,1;1;3;2;2;8;1
dc6890709e19567219cc35a561a07dc8cd5d611c,Xander Johnson,2017-03-14 12:45:56 -0700,2276,testing/test_capture.py,2,1
3c07072bfd3580bcd1b7334f77d2352cb8a9814d,Bruno Oliveira,2017-03-13 19:52:35 -0300,,testing/test_recwarn.py,2,10
22864b75ee080c8c600813b4f8985d2a70870dcb,Bruno Oliveira,2017-03-09 23:08:50 -0300,,testing/test_recwarn.py,0,4
cee578e32786986cb79495a2ea0e5c5e4eb425ce,fbjorn,2017-03-05 22:44:13 +0300,,testing/test_config.py;testing/test_terminal.py,1;9,1;0
272afa9422abff0070b47973ab69ccaca6fadeb1,Bruno Oliveira,2017-03-04 20:53:42 -0300,,testing/test_warnings.py,31,10
de09023e450462f78a562ea802b9d327af19661d,Bruno Oliveira,2017-03-04 16:07:37 -0300,,testing/test_warnings.py,28,0
e24081bf76568cb4fc7b96b981c752647231fc5b,Bruno Oliveira,2017-02-25 12:02:48 -0300,,testing/test_warnings.py,7,7
6a52fe165070dcbeda9b7c5b622975effcab5f40,Omer Hadari,2017-03-04 10:26:46 +0200,,testing/test_assertion.py,19,0
26e50f116233e64d56aef40d491679e76e8d38a1,Katerina Koukiou,2017-02-03 10:30:28 +0100,,testing/test_junitxml.py,23,0
6ba3475448d3ab78b4bf7de9aa81baa47357a70d,Anthony Sottile,2017-02-19 09:16:32 -0800,1407,testing/test_capture.py,18,6
d3a6be413014b112227cbdb489c62483ec4d9192,Katerina Koukiou,2017-02-22 14:17:45 +0100,,testing/test_junitxml.py,19,0
82785fcd4025c6827f504ce082d99116bff54e11,Bruno Oliveira,2017-02-18 12:57:26 -0200,,testing/test_warnings.py,3,3
fb0b90646ec86ced32d146ee42e25f4cd72d2229,Michal Wajszczuk,2017-02-16 19:41:51 +0100,2147,doc/en/example/assertion/failure_demo.py;doc/en/example/assertion/test_setup_flow_example.py;doc/en/example/costlysetup/conftest.py;doc/en/example/multipython.py;doc/en/example/pythoncollection.py;testing/acceptance_test.py;testing/code/test_code.py;testing/code/test_excinfo.py;testing/code/test_source.py;testing/deprecated_test.py;testing/python/approx.py;testing/python/collect.py;testing/python/fixture.py;testing/python/integration.py;testing/python/metafunc.py;testing/python/raises.py;testing/test_argcomplete.py;testing/test_assertion.py;testing/test_assertrewrite.py;testing/test_capture.py;testing/test_collection.py;testing/test_config.py;testing/test_conftest.py;testing/test_doctest.py;testing/test_junitxml.py;testing/test_mark.py;testing/test_monkeypatch.py;testing/test_nose.py;testing/test_parseopt.py;testing/test_pastebin.py;testing/test_pdb.py;testing/test_pluginmanager.py;testing/test_pytester.py;testing/test_resultlog.py;testing/test_runner.py;testing/test_runner_xunit.py;testing/test_session.py;testing/test_skipping.py;testing/test_terminal.py;testing/test_tmpdir.py;testing/test_unittest.py,6;1;1;1;1;5;3;4;11;1;1;24;49;9;16;2;1;8;5;8;19;16;4;9;6;15;4;5;2;3;3;10;3;1;9;8;6;10;13;2;2,6;1;1;1;1;5;3;4;11;1;1;24;49;9;16;2;1;8;5;8;19;16;4;9;6;15;4;5;2;3;3;10;3;1;9;8;6;10;13;2;2
ede4e9171f3411d71ad280280fcaa45b1e5fc371,Ville Skyttä,2017-02-15 17:00:18 +0200,,testing/test_assertion.py;testing/test_assertrewrite.py;testing/test_capture.py;testing/test_session.py,1;1;1;1,1;1;1;1
9eb1d7395107edbb0401eca83a69cb94dbc79308,Bruno Oliveira,2017-02-08 22:39:34 -0200,2238,testing/test_config.py,15,0
3a0a0c2df93ecfcf4fb09a0f7c24bf3a06d1bae5,Ran Benita,2017-02-05 23:55:39 +0200,2234,testing/python/collect.py,10,0
832c89dd5fa7c310ae05ddcffc81025bed7a3c14,Vidar Tonaas Fauske,2017-02-03 16:59:30 +0100,,testing/test_skipping.py,23,0
abbff681babdfc788871b77cc7126bf0a63e9f6b,Bruno Oliveira,2017-02-02 18:01:44 -0200,,testing/python/raises.py,1,1
43662ce789cdc87c478ff3c1a8314c7b51efa3bc,Thomas Kriechbaumer,2017-02-01 13:37:13 +0100,,testing/python/raises.py;testing/test_recwarn.py,15;1,0;2
ad56cd8027756a8bc1aa83402bbfffeae3520129,mbyt,2017-02-02 05:01:51 +0100,,testing/test_pdb.py,1,0
d1c725078a8c2fccfc573772e1944b9fe2a902e6,mbyt,2017-01-30 21:20:12 +0100,2137,testing/test_pdb.py,14,0
839aa963a12c38e258c2e7e8d0068d639110f3e7,Victor Uriarte,2017-01-22 16:34:51 -0700,,setup.py,1,1
0e64cd045c8477cc81014490ed5e38e5b690a1ea,Ronny Pfannschmidt,2017-01-22 22:14:54 +0100,,setup.py,0,1
0e58c3fa80465a009c9c4d5b4500e73dd32ca80f,Ravi Chandra,2017-01-21 16:40:42 +1300,2198,testing/python/metafunc.py,5,5
c848d0a771c41b25a3bd8ff8e29cc5493b116a25,Ravi Chandra,2017-01-16 16:09:46 +1300,,testing/python/metafunc.py,23,0
c477f09177cabaaa1dbddd9d754f44ec9eba7b2a,Bruno Oliveira,2017-01-19 21:33:51 -0200,1920,testing/test_assertion.py,17,0
123289a88ee01cfc3083fee22e0161cf4c9e4087,Ronny Pfannschmidt,2017-01-19 11:38:15 +0100,2208,testing/test_compat.py,29,4
7cd7c283ddde7c45ad1b97372948ff6ba2f0aaa4,Bruno Oliveira,2017-01-12 14:23:09 -0200,,testing/test_config.py,15,0
043aadeaf2467d7b4c263ba339fe1daea3ac8ae5,Bruno Oliveira,2017-01-11 17:11:56 -0200,2185,testing/test_assertrewrite.py,17,1
e18b2a427a803a3e89b4dc88e6c904e32f20eb09,Eli Boyarski,2017-01-11 16:49:09 +0200,,testing/test_pytester.py,7,0
6d81c684ccdf502e5e76c04d63e3229e1e5188a2,Jeff Widman,2017-01-04 05:31:44 -0800,,testing/test_monkeypatch.py,4,10
7930a8373dbc520412a36203ca945e83e98b2a1c,Loïc Estève,2016-12-29 10:18:33 +0100,,testing/test_recwarn.py,1,0
0bd8159b608c57a1467ee1b67b6170335beb6b61,Loïc Estève,2016-12-29 09:34:21 +0100,,testing/test_recwarn.py,11,0
6fd0394c6317dc8acf2d1c58e2bad2379703214a,Loïc Estève,2016-12-20 14:57:48 +0100,,testing/test_recwarn.py,10,0
a9193a15310138981b2b56f7db69c1c2a6471ea1,Rafael Bertoldi,2016-12-30 15:37:09 -0200,,testing/python/metafunc.py,49,9
03a7a2cd3ed855a8ee0af260aba236818bbcacaf,Jakub Wilk,2016-12-31 18:54:47 +0100,,doc/en/conf.py,1,1
515fb099957286b6c692d0fb95b789dbfcae6b0a,Bruno Oliveira,2016-12-27 22:01:22 -0200,,testing/test_doctest.py,1,3
1680eeb3a3cf13892c5fae59a9d251727370df39,Miro Hrončok,2016-12-13 13:49:44 +0100,,testing/test_doctest.py,7,3
0bb8a4a36d8b32f17d6e0cf8aebe9c4a92a99cfa,Andreas Pelme,2016-12-20 11:22:18 +0100,2148,testing/test_config.py,23,0
c5f0b751f48d1c44e74d14e7d89772b825ffa332,Loïc Estève,2016-12-20 13:36:57 +0100,,testing/test_recwarn.py,28,5
3f5edc705a336cf7a40dd1117065e9a413d27847,Stefan Scherfke,2016-12-19 13:22:25 +0100,,setup.py,1,1
caee5ce489e4f7058154bea1b4bc371bd384af20,Bruno Oliveira,2016-12-13 21:54:20 -0200,8,testing/test_compat.py,3,2
45eb9b566c318b529219263936a8592cb4c26a88,Bruno Oliveira,2016-12-13 21:28:07 -0200,,testing/test_compat.py,37,0
3a59acf69f0121302bcddd34f71fcd74b966ce7c,Dmitry Malinovsky,2016-12-11 21:59:11 +0600,2129,testing/test_compat.py,12,0
522d59e844abe815790acf733a0aa13b597acfac,Dmitry Malinovsky,2016-12-10 16:45:40 +0600,2124,testing/python/fixture.py,45,0
57c44899164c3ff7a521886eb43906c48ba3ef1f,Bruno Oliveira,2016-12-02 19:28:45 -0200,2111,testing/python/approx.py,33,8
81528ea81f84937c2364b4fc1108d219b7b4ec61,Bruno Oliveira,2016-11-21 12:50:21 -0200,2016,testing/test_conftest.py;testing/test_pluginmanager.py,25;21,0;1
bc0f7e62430a3dba644303b4d966c166c84e86e2,Bruno Oliveira,2016-12-01 15:50:08 -0200,,testing/test_assertrewrite.py,13,0
c856537e7163b657f8ff32021ab5cb3f2991435f,Luke Murphy,2016-12-01 13:20:42 +0100,,testing/test_config.py,9,1
f5afd8cb541549aaf595dbd7ea730becf23e3ee3,Luke Murphy,2016-11-30 12:17:51 +0100,,testing/test_collection.py,16,0
f8fef07b4c1399ff84b41a3fa4d28d93cc578fc4,Manuel Krebber,2016-11-30 14:19:07 +0100,,testing/test_doctest.py,2,2
c043bbb8545eecf991cda9bfab95b78bae9ecd08,Manuel Krebber,2016-11-30 11:43:33 +0100,,testing/test_doctest.py,19,38
929912de2920fdf82a2b5303e9585803368234cd,Manuel Krebber,2016-11-29 14:51:17 +0100,,testing/test_doctest.py,6,6
d254c6b0aeb872a791889d5e3497fa3ca679c482,Manuel Krebber,2016-11-29 12:18:41 +0100,,testing/test_doctest.py,46,0
4e1609b12eb1a44b0fc8519de458362d7fd8cdf2,Luke Murphy,2016-11-28 00:55:49 +0100,2080;2089,testing/test_junitxml.py,4,0
6c5475660afadd66a8ab46c415e45e2839d3d581,Luke Murphy,2016-11-26 18:47:26 +0100,595,testing/test_junitxml.py,12,0
33c0b06fdf989d8df63dc68ba5336ecad2eadd30,Bruno Oliveira,2016-11-24 15:27:38 -0200,2082,testing/python/approx.py,1,0
629d8e9fd62999ffbb80fcb8881c1c88e51d345f,Bruno Oliveira,2016-11-23 09:47:36 -0200,2078,testing/test_config.py,9,0
26ca5a702e2655302a1aeec08a82c8f474f8425f,Bruno Oliveira,2016-11-21 08:26:43 -0200,,testing/test_warnings.py,60,0
984d4ce5ec31d0d0d8771c7e5ab3f639182c9025,Bruno Oliveira,2016-11-20 19:12:42 -0200,,testing/code/test_excinfo.py,1,1
1eb5a690d4c416962b6ccf46618367f68e54ea89,Bruno Oliveira,2016-11-20 18:59:15 -0200,,testing/code/test_code.py;testing/code/test_excinfo.py;testing/python/collect.py;testing/python/fixture.py;testing/python/integration.py;testing/python/metafunc.py;testing/test_assertion.py;testing/test_assertrewrite.py;testing/test_collection.py;testing/test_config.py;testing/test_conftest.py;testing/test_mark.py;testing/test_nose.py;testing/test_parseopt.py;testing/test_pastebin.py;testing/test_pdb.py;testing/test_pluginmanager.py;testing/test_pytester.py;testing/test_runner.py,5;21;6;10;10;12;3;97;5;25;2;20;4;4;2;2;4;4;10,0;2;0;0;0;0;0;0;0;0;0;1;0;1;0;0;0;0;0
06bb61bbe31829955b36451829fdb9b4ffedc65b,Ned Batchelder,2016-11-20 11:56:15 -0500,2038,testing/test_assertrewrite.py,28,0
26b151953400d277bb05ac0ee505570b28e78d9a,Bruno Oliveira,2016-11-09 20:47:14 -0200,1,setup.py,1,0
1130b9f742d053a429149e56b8a0c8aec72a9968,Bruno Oliveira,2016-11-08 21:34:45 -0200,1965,testing/python/raises.py,17,5
552c7d4286f582255752730d2c512d0aff4a44c4,Michael Seifert,2016-10-18 01:22:53 +0200,,testing/python/raises.py,18,0
e46e653794e3b72d7cc02d374086191224221501,Dan Wandschneider,2016-11-07 18:24:10 -0800,1649;1649,testing/test_unittest.py,23,0
006a901b861e9de28daf11ab4b10b87bed18aba1,Bruno Oliveira,2016-10-27 21:15:05 -0200,1984,testing/code/test_excinfo.py;testing/test_assertion.py,44;31,0;0
e2bb4f893bd3e512179cdf98d24a9ad2f72411cf,Georgy Dyuldin,2016-11-02 15:45:40 +0300,,testing/test_junitxml.py,24,0
6f93ffb5d4de88fe6ad57d3195938d538988e45b,Mathieu Clabaut,2016-10-30 09:46:08 +0100,442,testing/test_terminal.py,25,0
e9668d75b80057441b53c65c84c9a6351b6c87cb,Ronny Pfannschmidt,2016-10-19 08:57:24 +0200,2013,testing/test_recwarn.py,3,0
6ec0c3f3690efb500155a44b65c0f1719dad905b,Florian Schulze,2016-10-24 12:10:49 +0200,,setup.py,1,1
f229b573fa57d69fa55ad3280f03c5a3525aa9bc,Florian Schulze,2016-10-24 12:08:00 +0200,,setup.py,2,2
f2c01c5407f3c7853bdd463b8aa2856e3a6398e1,Jason R. Coombs,2016-10-21 12:36:42 -0400,2022,testing/test_pdb.py,3,0
60a347aeb51582f6fee87497dfdb4f079a6f5c82,Jason R. Coombs,2016-10-21 12:11:35 -0400,,testing/test_pdb.py,2,2
11ec96a927e5571f39ab290d31fbb41200c791b8,Jason R. Coombs,2016-10-21 12:10:35 -0400,,testing/test_pdb.py,16,24
2a2b8cee09a1a6b706423f7655129e17d7e0383d,Bruno Oliveira,2016-10-18 22:58:31 -0200,2005,testing/test_assertrewrite.py,16,0
620b384b69ffaf0e98af015a721f385ceb13093c,Bruno Oliveira,2016-10-20 20:26:14 -0200,2004,testing/test_parseopt.py,13,1
acee88a118544b74a4cbb9f57ff6a6a8ffb70516,Matthew Duck,2016-10-16 20:54:51 +0100,,testing/test_assertion.py,2,2
78eec0d7f8bf177a368575271483ca575c11ad92,Bruno Oliveira,2016-10-12 17:46:47 -0300,1998,testing/test_pluginmanager.py,9,3
0061d9bd3ded0c1580211cb01d11ce38fe40b342,Matthew Duck,2016-10-11 00:17:15 +0100,,testing/test_assertion.py,1,1
b629da424efa894a37c9d49eb94b14803afa8332,Matthew Duck,2016-09-22 00:06:45 +0100,,testing/test_assertion.py,106,35
a1d446b8e809f1e6488ce183ace93ab6693f827c,Bruno Oliveira,2016-10-03 21:46:44 -0300,1976,testing/python/collect.py,17,4
7d66e4eae1cc5989df07e140f2ff6949416c2c18,Bruno Oliveira,2016-10-03 20:47:44 -0300,1976,testing/acceptance_test.py;testing/python/collect.py;testing/test_collection.py;testing/test_terminal.py,1;21;0;1,1;1;11;1
336d7900c587caa35c0bb9067bf6820fe66a89ea,Bruno Oliveira,2016-10-01 13:38:41 -0300,1959,testing/test_skipping.py,1,1
6db2f315face61d3bed7a2a95a9ed58183c0607f,Tyler Goodlet,2016-09-06 14:16:25 -0400,,testing/python/fixture.py;testing/python/metafunc.py,16;8,0;0
d75748ef6f158aca7e253d0632615bc67072d946,David Szotten,2016-09-21 08:44:39 +0000,,testing/test_pdb.py,19,0
c7b4b8cf6fe3b2bb608f392839a2638857d6509a,David Szotten,2016-09-19 16:05:57 +0000,,testing/test_pdb.py,31,15
8cba033bbb16b73726249da8723a9ffec9024ecc,Lev Maximov,2016-09-20 02:16:04 +0700,,testing/test_assertion.py,12,0
dd64d823b90f87fca2bb77a61da0912d91f8d7ea,Matthew Duck,2016-09-19 12:17:26 +0100,,testing/test_assertion.py,10,2
04cf5e1df488f10a778a5d8622ec1365c0a14d8b,Bruno Oliveira,2016-09-14 21:59:18 -0300,1934,testing/test_assertion.py,14,4
10094a3f091ab64a608bc5107e91cafc9faa0c4c,Ronny Pfannschmidt,2016-09-08 09:52:22 +0200,,testing/test_mark.py,2,2
e21ae3991de032d8c0a15ba5725d7f219ca9fcad,Ronny Pfannschmidt,2016-09-05 16:42:33 +0200,,doc/en/conf.py,2,5
28b1896e9a9aebb4e73d23498977b6c859420445,Floris Bruynooghe,2016-09-05 15:29:09 +0200,,testing/python/raises.py,0,8
1e10de574dc9c08c9a2af8b74380feb28da8c28b,Bruno Oliveira,2016-09-02 18:25:26 -0300,1905,testing/python/metafunc.py,8,0
696a9112beacdaf970d06809dcb0fd04e69325e9,mbyt,2016-08-31 22:33:47 +0200,,testing/test_pdb.py,2,2
10b3274924af304b705f98d2801bd196be4663db,mbyt,2016-08-31 20:22:54 +0200,,testing/test_pdb.py,19,0
c8a366e5510d1317066ef471cb1a056f902e8a5a,Bruno Oliveira,2016-08-30 22:15:53 -0300,1888,testing/test_assertion.py,29,0
519f02b0149c3150c15bf240c09f362f5a391dd5,Bruno Oliveira,2016-08-22 23:35:41 -0300,1708;1829;432;1112;432;1112;1708;1829,doc/en/conf.py,2,2
856ad719d3f5343d6bbc8c0d01c52846206d01c7,Ahn Ki-Wook,2016-08-26 01:04:14 +0900,,testing/test_assertion.py,9,0
1b259f70f3e0eac4eb0af441b7a18779b2c4ac58,John Towler,2016-08-25 13:08:51 -0700,,testing/test_junitxml.py,25,0
a152ea2dbbebb3de0f79310159bf060af07ce470,Jordan Guymon,2016-08-24 15:44:43 -0700,,testing/test_capture.py,22,0
972a5fb5d5948bb4362cd834748e67776ebe5cad,Bruno Oliveira,2016-08-23 21:07:41 -0300,1857,testing/python/metafunc.py,12,0
df200297e28f0fb9e6f071b9ca4c63b734b1dbe6,Bruno Oliveira,2016-08-23 18:14:15 -0300,1849,testing/python/metafunc.py,27,0
53a0e2b1187405e2b8c77c9c26b8ee4a347e04bb,Bruno Oliveira,2016-08-22 20:21:31 -0300,1832,testing/python/metafunc.py,119,37
6a8160b3181f6f0fd0bc8afa40eca0a8913d4c29,Bruno Oliveira,2016-08-22 17:54:17 -0300,1837,testing/acceptance_test.py,18,0
e306a53999aaa4b8122a99910469fbb1c4c9e7fa,Daniel Hahler,2016-08-20 18:43:39 +0200,,testing/test_skipping.py,1,1
63dc71c57ec959a9aae3d3a1acb5ecff2376f7a0,Bruno Oliveira,2016-08-19 18:21:25 -0300,1822,testing/test_runner.py,13,0
3ba475c0f25b57c25f594429186b873c2c7fdbbe,Bruno Oliveira,2016-08-17 22:50:10 -0300,1815,testing/test_unittest.py,2,2
224ef673740c519ebd1dcbc9f6688529c5ae0a9e,Bruno Oliveira,2016-08-17 20:32:25 -0300,,testing/test_config.py,2,0
4ed412eb5930455e0b14b012e7cd171f0c32752b,Bruno Oliveira,2016-08-17 20:29:26 -0300,,testing/test_unittest.py,44,19
dfc659f7810284a8607d02a1e0052ff4af002300,Raphael Pierzina,2016-08-17 23:32:56 +0100,,testing/python/metafunc.py,1,1
01739529611c433f7f3b91fb0734e428b84335b7,Raphael Pierzina,2016-08-17 23:15:14 +0100,,testing/python/metafunc.py,6,5
767c28d42257a3ddedd70dcfe429d9333eb5f9cb,Raphael Pierzina,2016-08-17 22:32:27 +0100,,testing/test_junitxml.py,5,2
d1f2f779ee701838a2182d57e31535dc3c37d000,Raphael Pierzina,2016-08-17 22:31:56 +0100,,testing/test_skipping.py,2,2
018197d72aa903c29cb874e155dbdff0a2ce5803,Raphael Pierzina,2016-08-17 22:14:51 +0100,,testing/test_skipping.py,16,2
ea379e0e4f07182ebb10b1a4002f29f8ab36e5c2,Raphael Pierzina,2016-08-17 22:02:54 +0100,,testing/test_junitxml.py,21,4
ab86dea5294a25531e1cf207bed09fc4e8c2284b,Bruno Oliveira,2016-08-16 21:30:07 -0300,567,testing/deprecated_test.py;testing/test_config.py,9;20,0;16
707b6b5e3fee6626c9ea9496b41f42077895864c,Bruno Oliveira,2016-08-16 19:33:07 -0300,1794,testing/python/fixture.py;testing/test_monkeypatch.py,1;0,9;30
f25771a1016a3c503528b2e7234332494b09a31c,Bruno Oliveira,2016-08-16 20:22:15 -0300,830,testing/deprecated_test.py,12,0
55ec1d7f56d56902e1a3fb4cbd1e9796f9420fe6,Raphael Pierzina,2016-08-15 23:58:16 +0100,,testing/test_junitxml.py,1,1
c163cc7937024309897c1b4d6526210657708c2b,Daniel Hahler,2016-08-12 00:57:29 +0200,,testing/python/fixture.py,5,4
16cb5d01b133c0b00526fce94f8eb6c405fe3c21,Daniel Hahler,2016-08-12 00:29:03 +0200,,testing/test_config.py,3,2
5b95ee3c19be3d6073bb2c991c282efa7d6c1dba,Daniel Hahler,2016-08-14 15:02:35 +0200,,testing/test_terminal.py,3,1
14a4dd0697db7be6043d0715c5b44e9d004dd73c,Raphael Pierzina,2016-08-12 23:31:38 +0100,,testing/test_unittest.py,1,0
10a6ed17071c2e416a917ecaac8f4b5cf246a4bc,Raphael Pierzina,2016-08-12 23:18:02 +0100,,testing/test_unittest.py,22,8
e4028b4505148804fe30634a49980b4fc7de9a37,Christian Boelsen,2016-08-08 13:29:20 +0100,1798,testing/test_junitxml.py,24,3
a2891420de5a020fbcc09ee0af3124325334fc6d,Daniel Hahler,2016-06-20 18:47:12 +0200,,testing/test_collection.py;testing/test_config.py,4;39,2;3
1a79137d04560932ac6aceccd5b20cddf106640f,Bruno Oliveira,2016-08-03 22:56:12 -0300,1790,testing/python/collect.py,9,0
ff296fd541d57415d9ab1f4c74627d736f8a8350,Bruno Oliveira,2016-08-03 21:49:43 -0300,1790,testing/test_runner.py,44,5
08002ab75ad82c38c647d51969d9c63f4cae99f1,Bruno Oliveira,2016-08-03 21:11:19 -0300,1790,testing/test_runner.py,26,0
8b8c698f1a02789e54d6f765872facf099ab851c,Bruno Oliveira,2016-08-03 16:48:49 -0400,,doc/en/example/multipython.py,1,1
6711b1d6abf3adc2356e3b58c0b0f664bbbb77d2,Bruno Oliveira,2016-08-02 19:16:27 -0300,1787;1784,testing/test_assertrewrite.py,10,0
277b6d3974d4615592c3f67af299d9f90b854ff7,Bruno Oliveira,2016-08-02 19:43:39 -0300,,testing/python/fixture.py,18,1
48f4e18280dfd87b4d8503f621a3f9514ffb0bf2,Ronny Pfannschmidt,2016-08-02 10:43:25 +0200,,testing/test_terminal.py,1,1
eed21e06dbb61899e9c14352750258aa81cc5d3c,Bruno Oliveira,2016-08-01 18:37:52 -0400,,doc/en/example/nonpython/conftest.py,2,2
553dc2600f1609551d900b129ef2704137846183,Bruno Oliveira,2016-08-01 19:51:35 -0300,,testing/python/fixture.py,1,0
44ecf2ab2f64868de086fddf43373ba3f7805d11,Bruno Oliveira,2016-08-01 17:59:51 -0300,,testing/python/fixture.py,7,0
31c519456219020a45be5fa9cffe095cd9b04636,Bruno Oliveira,2016-08-01 18:35:42 -0300,,testing/code/test_excinfo.py,44,34
3c8222f1db95956d40420d9e361c4001fa3de4ff,satoru,2016-07-30 17:12:35 +0800,,testing/code/test_excinfo.py,68,38
ed36d627e46622a17300fab567fc03332f6583c9,Bruno Oliveira,2016-07-26 21:29:07 -0300,1769,testing/freeze/create_executable.py;testing/freeze/tox_run.py,13;12,0;0
6c8b0a28e1c9fc981d2f87e586304baccb634706,Bruno Oliveira,2016-07-23 11:56:04 -0300,,testing/acceptance_test.py;testing/deprecated_test.py;testing/python/fixture.py;testing/test_tmpdir.py,0;55;1;0,48;0;2;1
d72afe7e08033c5e6268ec77f68e894fb1b6bab1,Dmitry Dygalo,2016-07-25 10:54:02 +0200,634,testing/python/metafunc.py,37,0
ab6aef1d1fecb613384de16835e413b46a14546d,Roberto Polli,2016-07-25 12:40:57 +0200,,testing/python/collect.py;testing/python/metafunc.py,37;1,0;1
f7ad173fee28dd2c04e87f6eae214d6ca35153b2,Dmitry Dygalo,2016-07-23 17:37:58 +0200,,testing/python/collect.py,12,0
42adaf5a619aa1df4e549fd0c4013765415c8772,Tom Viner,2016-07-24 14:13:43 +0200,1210,testing/test_runner.py,12,0
d000f2536ac87ea5c922a46f5d58895f34ac751c,JJ,2016-07-24 10:47:06 +0200,,testing/python/metafunc.py,17,0
5c5d7e05f7406911cfbb91a4127032e90af68357,Daniel Hahler,2016-07-23 18:09:42 +0200,1718,testing/python/fixture.py;testing/test_config.py,1;42,1;60
e9a67e6702c5780ab1fedf4de327214937590397,Edoardo Batini,2016-07-23 23:45:07 +0200,,testing/acceptance_test.py;testing/test_capture.py,1;2,1;2
1704b7d2657bd680425da014fdfd9c0a8798628f,Diego Russo,2016-07-23 15:48:41 +0200,,testing/python/fixture.py,32,0
f26fa5a441022da8a86926bef7d9aebefa6c832b,JJ,2016-07-23 16:49:20 +0200,,testing/python/metafunc.py,19,2
d5a70acd480f182fe77bf232508f3be862e516ff,Romain Dorgueil,2016-07-23 15:58:13 +0200,,testing/test_doctest.py,15,15
e229a27e8b4f84a99ed6e01e82c56c50505d9965,Romain Dorgueil,2016-07-23 15:21:59 +0200,1754,testing/test_doctest.py,2,5
1a33025a7688cd1a00fd3c3b9467574e88d5f1c8,Romain Dorgueil,2016-07-23 15:16:23 +0200,,testing/test_doctest.py,81,79
fd8e019cc12391995f05cad95c3f93bf0489f32d,Romain Dorgueil,2016-07-23 14:40:25 +0200,1749,testing/test_doctest.py,79,0
05f3422d7ca2ea75b5a5a1565a64642c847f6782,Bruno Oliveira,2016-07-20 22:05:49 -0300,,testing/test_monkeypatch.py,33,1
3fd8257c170591078ff1a8eb489ccf82de7dd8f0,Ronny Pfannschmidt,2016-07-20 17:20:10 +0200,,testing/test_session.py,8,0
ff8fb4950e0caa662b6b43d0f7e190dd23368056,Bruno Oliveira,2016-07-14 21:28:59 -0300,1728,testing/test_runner.py;testing/test_runner_xunit.py,4;52,3;0
d1852a48b7d38cb1cd36135ea92f83742d8782d6,Floris Bruynooghe,2016-07-15 00:18:50 +0100,,testing/code/test_code.py;testing/code/test_excinfo.py;testing/test_assertion.py,0;2;4,18;46;24
3328cd26203f2086b445c009eeee2fa4e0d847ef,Bruno Oliveira,2016-07-14 18:37:59 -0300,,testing/acceptance_test.py,3,1
22bb43413ff94dc6df43b5e75a7c142d1ca351f9,RedBeardCode,2016-07-14 09:14:19 +0200,1536,testing/python/fixture.py;testing/test_conftest.py,2;1,1;0
51ee7f8734e20d87d08a6e49604b630d5cdd656d,Floris Bruynooghe,2016-07-14 12:42:29 +0100,,testing/test_config.py,7,2
ab0b6faa5fc7938b55c66724d24c75b10b9307e1,Bruno Oliveira,2016-07-13 19:35:05 -0300,1723,testing/acceptance_test.py,14,0
3cfebdd7c5e3ff31a12b56638d49bf29303be74e,Daniel Hahler,2016-07-13 18:33:24 +0200,,testing/acceptance_test.py,4,2
743f59afb23ab29c890cca9b3827a4b67b7ef314,Floris Bruynooghe,2016-06-25 18:26:45 +0200,,testing/test_assertion.py,87,14
a98e3cefc5b5cfea1fe322cf796e92b97cda7956,Floris Bruynooghe,2016-06-22 12:42:11 +0200,,testing/test_assertion.py;testing/test_assertrewrite.py;testing/test_config.py,110;11;12,0;35;3
7ee3dd1cb5e40056283f1b2b39c2586429ac55bf,Antony Lee,2016-07-11 17:43:06 -0700,,testing/test_pdb.py,25,0
458ecae1df0ede57182db685e7b9b3b8f0c7a652,Bruno Oliveira,2016-07-11 22:03:53 -0300,,testing/code/test_excinfo.py;testing/python/collect.py;testing/python/fixture.py;testing/python/integration.py;testing/python/metafunc.py;testing/test_assertion.py;testing/test_junitxml.py;testing/test_mark.py;testing/test_monkeypatch.py;testing/test_pdb.py;testing/test_runner.py;testing/test_runner_xunit.py;testing/test_skipping.py;testing/test_terminal.py;testing/test_unittest.py,3;7;128;5;25;6;13;2;4;4;3;2;4;9;2,1;4;48;2;12;3;4;1;3;1;1;1;2;3;2
ad4125dc0d0c941f50ae42aa61663a3895a6fd9f,Bruno Oliveira,2016-07-11 21:12:50 -0300,1684,testing/acceptance_test.py,16,0
5506dc700c8fe418f28193241fdc544d14f6de34,Bruno Oliveira,2016-07-11 21:06:35 -0300,16;1324,testing/acceptance_test.py;testing/code/test_source.py,15;5,0;5
0dd1c8bf14d25521d7a0af1bb637fa0699dca57f,Bruno Oliveira,2016-07-11 20:44:46 -0300,,testing/test_capture.py,19,0
8c49561470708761f7321504f5e8343811be87ac,Ronny Pfannschmidt,2016-07-09 20:36:00 +0200,,testing/python/collect.py;testing/python/fixture.py;testing/python/integration.py;testing/python/metafunc.py,1;16;3;7,1;17;3;7
94e4a2dd6787573807dd9115ac71cb7d89c65cb0,aostr,2016-07-05 15:22:27 +0200,,testing/test_config.py,3,3
0171cfa30f188dd1e9a2475c47dd654042e4669e,Javier Domingo Cansino,2016-07-05 10:39:12 +0100,,testing/test_conftest.py,13,0
b650c3c1181a7f496a02afeab1d82c1404b03584,Steffen Allner,2016-07-03 22:30:51 +0200,,testing/python/setup_only.py,27,5
1451a1ab002db532550277cb9e1981af5b35088f,Ronny Pfannschmidt,2016-06-30 10:03:40 +0200,,testing/code/test_source.py,1,3
e877e255873777d6cff6040a638dd1d749bc1add,Ronny Pfannschmidt,2016-06-27 14:26:12 +0200,1627,setup.py,3,3
76756c0c0b0385ec6bed2f883a2149ed42186180,Ronny Pfannschmidt,2016-06-27 11:57:21 +0200,568,testing/test_mark.py,2,2
0e2ebc96ff0606a59cc24868f527b4094cc1e2a6,RedBeardCode,2016-06-25 11:27:10 +0200,1657,testing/test_assertion.py;testing/test_config.py;testing/test_skipping.py;testing/test_terminal.py,3;1;3;0,11;1;3;9
1ce467006262a1369474919ca13b0c5831652cdc,aostr,2016-06-26 06:46:09 +0200,,testing/test_terminal.py,1,1
6d4cee21598f35100b46c5d892a8b3af99ec8087,Vasily Kuznetsov,2016-06-26 02:21:51 +0200,,testing/test_assertion.py,10,0
c17027e5767bda8ac8237be4deea03a7fd898415,Vasily Kuznetsov,2016-06-25 18:45:47 +0200,1562,testing/test_assertion.py,8,0
e04d9ff80be855164799bb315d23ca611c4b10f4,aostr,2016-06-25 18:16:13 +0200,,testing/test_config.py;testing/test_terminal.py,1;12,1;2
e2f550156e84fcaef5f9611910aadcec549f5745,RedBeardCode,2016-06-25 17:21:10 +0200,925,testing/test_assertrewrite.py,27,0
856e6cab75eb9926e6d6866e40cca821c99fd6a7,Ted Xiao,2016-06-25 22:12:42 +0800,,testing/test_config.py,89,0
95b83958f49d2a247e0fdb322bcc54de47b89e67,Ronny Pfannschmidt,2016-06-25 11:10:23 +0200,568,testing/test_mark.py,26,0
9a5224e2f89922533107e1bdabfd64eac726697d,aostr,2016-06-25 12:37:31 +0200,,testing/test_pdb.py,1,1
891e1677b68b2fccffb36110e544dd97467e3a1d,Oliver Bestwalter,2016-06-25 12:27:05 +0200,,setup.py,2,24
9877bf47e3cd11070bac6377ea734ca20ff364ba,Danielle Jenkins,2016-06-25 12:21:31 +0200,,testing/python/setup_plan.py,1,0
757f37f445ac344ca8bc4571e099039ec72113f6,Florian Bruhin,2016-05-23 08:13:41 +0200,1479;1307;1497,testing/test_config.py,17,0
939407ef6329808ee6f1a7ec1e4a9c5538bdabbd,Daniel Hahler,2016-06-22 21:59:56 +0200,,testing/test_parseopt.py,3,0
d81f23009bda9e31bd8ccc4c8300fcbaad56fe5c,Omar Kohl,2016-04-10 19:57:45 +0200,607,testing/test_junitxml.py;testing/test_resultlog.py;testing/test_runner.py;testing/test_session.py;testing/test_skipping.py;testing/test_terminal.py,41;0;0;1;17;1,18;9;12;7;5;2
77689eb486d60fa8d8b39c5cf4dc480d27e96f40,Tom Viner,2016-06-24 12:44:06 +0200,1503,testing/test_assertrewrite.py,20,14
df9918eda3aa72bc65873240790e0aa0aad777d2,Tom Viner,2016-06-21 12:09:55 +0200,,testing/code/test_excinfo.py;testing/python/fixture.py;testing/python/metafunc.py;testing/test_pdb.py,1;27;2;1,1;19;2;1
c6af737d4e5bc8da8f12a43028b5ac7be764794b,Vasily Kuznetsov,2016-06-23 10:54:22 +0200,,testing/python/setup_only.py,19,0
1a5e530b982dfe6f485a18f6861cc860a7d3ce73,Vasily Kuznetsov,2016-06-23 10:23:04 +0200,,testing/python/setup_only.py,21,0
69bab4ab0466af77b96d388db845de9d5ac78b7a,Stefan Zimmermann,2016-06-22 09:52:48 +0200,,testing/test_parseopt.py,7,0
f7d50dfa91e37aaffe566c400a9590b2c79cc50d,Vasily Kuznetsov,2016-06-22 17:24:55 +0200,,testing/python/setup_only.py,22,0
61992b4e22c73bf0131b1298f20743bb0bb8dbf2,Vasily Kuznetsov,2016-06-22 16:45:36 +0200,,testing/python/setup_only.py;testing/python/setup_plan.py,20;18,12;0
f59d8f7720e408df41a060fd9cb89cd92186fb1e,Vasily Kuznetsov,2016-06-22 16:23:58 +0200,3,testing/python/setup_only.py,5,5
db79ed5c4da4ffe9c554e9a241363be61f8435ab,Oliver Bestwalter,2016-06-22 10:19:43 +0200,1629,testing/test_entry_points.py,13,0
1a75139f72510754398218f69cf67a8bef70e063,Vasily Kuznetsov,2016-06-22 13:25:46 +0200,,testing/python/setup_only.py,5,5
6b135c83be8cef769dbc860a4706a95603d01d09,Florian Schulze,2016-06-22 12:21:51 +0200,,setup.py,17,0
7d19f839829d8f6ffa23b1dd03702766bae4ff49,Steffen Allner,2016-06-22 12:00:45 +0200,,testing/python/setup_only.py,151,0
7d87a1b127249d6051066a5ff0197a10c5505224,Oliver Bestwalter,2016-06-21 20:10:22 +0200,1631,testing/python/fixture.py,14,0
98adf204b2fbdbeb696b47c4bf6abecad80da1d0,Tom Viner,2016-06-21 16:48:29 +0200,,testing/test_assertion.py,15,1
ef9dd1496384cb703bf31a0788ea77bc4184faac,Dave Hunt,2016-06-21 16:16:57 +0200,1629,doc/en/example/pythoncollection.py;setup.py;testing/test_config.py;testing/test_helpconfig.py;testing/test_junitxml.py;testing/test_parseopt.py,1;1;1;2;1;6,1;0;1;2;1;7
ede7478dcc69ef0d1526346813ca32fb34ce0343,Omar Kohl,2016-06-20 15:05:50 +0200,1421,testing/acceptance_test.py;testing/test_collection.py;testing/test_doctest.py;testing/test_resultlog.py;testing/test_terminal.py,6;111;17;1;1,4;0;4;1;1
5854a71ecee28736b10c31c14c93394dfc8805ca,Tom Viner,2016-06-20 17:20:24 +0200,,testing/python/fixture.py,105,0
3a81d2e01281358ddb7987863c1b8382fc293a64,Bruno Oliveira,2016-06-20 14:45:13 +0200,1619,testing/test_assertrewrite.py;testing/test_config.py,34;8,0;3
e9d798914091faa9b85ffc17b9bc756a08074d38,Daniel Hahler,2016-06-20 22:30:36 +0200,,testing/test_collection.py,3,1
54872e94b4f3437cb0052a83970133722e79eadd,Florian Bruhin,2016-06-20 18:44:34 +0200,,testing/python/raises.py,1,1
ca093673fb8508c4dc7772e71b783ac62b6d5726,palaviv,2016-06-19 21:24:47 +0300,,testing/python/raises.py,7,4
72bf11cbe97120f4f42dba8ab629fc96342d8d44,Bruno Oliveira,2016-06-08 20:21:17 -0300,1599,testing/test_capture.py,16,0
e6ff01ada3d4925b4d5cbebf1a237c897002edcb,palaviv,2016-06-16 21:09:15 +0300,,testing/python/raises.py,2,2
d21886c005e0c5f9aa8e56213a23cb03b2919c96,palaviv,2016-06-16 20:15:32 +0300,,testing/python/raises.py,17,0
2a3cbdf4d15b236913295233154a8945b247cdcc,Greg Price,2016-06-15 18:26:10 -0700,,testing/test_terminal.py,0,5
4d9e293b4d32fe20b7c5a5ef37ca190481bbfaf3,taschini,2016-06-09 08:22:11 +0200,1597,testing/acceptance_test.py,9,19
e2e6e317118d6d15ccdf6f6708a48c08d85cbc25,taschini,2016-06-08 15:17:55 +0200,,testing/acceptance_test.py,77,6
adc50ac72f797e858aac2a49a03727b8b114e118,Raphael Pierzina,2016-06-12 15:58:32 +0100,,testing/python/show_fixtures_per_test.py,5,5
accd962c9f88dbd5b2b0eef6efe7bf6fe5444b29,Guyzmo,2016-06-11 18:04:49 +0200,1604,testing/test_runner.py,33,0
b47f155d746d3721d03ec5d0280106608849c478,Raphael Pierzina,2016-06-12 00:17:50 +0100,,testing/python/show_fixtures_per_test.py,137,0
fe4f23c1bfadc39896a5ac5c9b691463f348f607,Bruno Oliveira,2016-06-07 20:59:58 -0300,,doc/en/example/costlysetup/conftest.py,2,2
d712428d3343a77fb90b66eefeb8d769d293ca9c,Bruno Oliveira,2016-06-07 20:05:07 -0300,,testing/python/fixture.py,11,12
366879db272dd2382735d504e6f0fcbb2513ec17,Bruno Oliveira,2016-06-02 21:01:31 -0300,,testing/python/fixture.py,29,58
09d163aa3a1f01701fe2e3f073a89d49b9d0cce2,marscher,2016-06-07 15:43:05 +0200,1235,testing/code/test_excinfo.py,11,0
74862b8f2fa483389b2b79cb2b76954e3c5ff7df,Thomas Grainger,2016-06-01 17:16:05 +0100,1578,testing/test_doctest.py,10,2
fb8ad714b10fd55b02996465899110df254f8406,Raphael Pierzina,2016-05-31 11:46:35 +0100,,testing/python/fixture.py,32,0
d217b52508eb95dea1fda3d3c5a0f5e58197d652,Ronny Pfannschmidt,2016-04-21 20:57:53 +0200,510,testing/python/metafunc.py,7,0
d6dfb1a393c6c03f42ed419c085142a69bc7c9e1,TomV,2016-05-23 09:48:25 +0100,,testing/test_collection.py,2,0
d4c9fa9f1ade4a438783df5c0fa7c70380d655eb,AbdealiJK,2016-05-18 22:39:58 +0530,,testing/test_unittest.py,14,0
ec5e05834fd261d6880bc8b5b9912fff13a6e05f,Ronny Pfannschmidt,2016-05-18 21:35:31 +0200,,testing/test_mark.py,1,1
8a39869347ce8b215e336a83efad520e9f4cdd39,Adam Chainz,2016-05-18 17:12:39 +0100,,setup.py,1,1
0d07b645713d4a68acc651ba99ea9efc5d3f0307,John Towler,2016-05-04 13:36:27 -0700,,testing/test_junitxml.py,4,4
98dd2ce75cf35adc1e426e571109035d8a153ed6,Ronny Pfannschmidt,2016-04-28 16:22:31 +0200,1540,testing/test_mark.py,1,1
308e76e19c2fbfb34dbaed9a0237b7a96fd589c9,Ronny Pfannschmidt,2016-04-28 16:11:30 +0200,1540,testing/test_mark.py,23,1
9733127951b1737e54eb9902a0835891f1dbee56,palaviv,2016-04-26 10:23:57 +0300,,testing/python/metafunc.py,1,1
b9faf78d519c116273a0c951b82f5405e9369ff7,palaviv,2016-04-25 17:48:28 +0300,,testing/python/metafunc.py,18,0
56855893ca21e57b644387b3d6ada05c3448440c,Omar Kohl,2016-04-17 12:43:04 +0200,1426,testing/acceptance_test.py;testing/python/collect.py;testing/test_collection.py;testing/test_session.py;testing/test_terminal.py,2;15;2;1;3,1;3;1;1;3
75160547f292266f46f598e362064c520ff945e2,Florian Bruhin,2016-04-20 11:07:34 +0200,,testing/code/test_excinfo.py,6,5
4c552d4ef78a5dbc27730069206816f35c34a9ac,Florian Bruhin,2016-04-20 10:36:13 +0200,,testing/code/test_excinfo.py,2,2
b607f6728f2eed51c9a7ce713d3b601dcd04f8db,Florian Bruhin,2016-04-20 10:25:33 +0200,,testing/code/test_excinfo.py,34,1
1a37035d710769ab13330014eec6e686f54b6f11,MengJueM,2016-04-20 01:27:37 +0800,,testing/test_config.py,11,1
99c4b6fdc3ab07a9b9876147428339ca62f5a227,TomV,2016-04-19 15:21:19 +0100,,testing/test_skipping.py,13,0
7ce5873da23ea0dc6f796c4d608731e25191d756,Martin Prusse,2016-04-08 11:24:12 -0300,,testing/code/test_excinfo.py,17,1
c578226d43e96d1cc86f14de0779acd96222f0e4,Omar Kohl,2016-04-02 17:24:08 +0200,372,testing/code/test_excinfo.py,19,0
491b30c5d97a807e2d885bc6127c6f7e08e41a82,Ceridwen,2016-04-01 22:45:44 -0400,,testing/python/metafunc.py;testing/test_junitxml.py,17;1,0;1
b631fc0bc1ad720b408b84964994641a631d3a74,Ceridwen,2016-04-01 17:57:42 -0400,,testing/test_junitxml.py,1,1
053c052190ef757a660c715c110e88a8e053ef04,Tyler Goodlet,2016-04-01 01:20:22 -0400,,testing/acceptance_test.py,5,0
9b438d56e8cba5712cd5cc61786f9e527bb45880,Ceridwen,2016-04-01 12:27:17 -0400,,testing/python/metafunc.py,8,9
e048315d9b9a0cb6bdf55ad3d9b7d55f99a980b5,Omar Kohl,2016-03-28 19:51:26 +0200,,extra/get_issues.py,40,30
b8c15a0215f4a8b6821f79404496d989bc898126,palaviv,2016-03-22 23:58:28 +0200,,testing/python/metafunc.py,8,9
653a53226ac58e4e5482baf4a037054c7fb5998a,Quentin Pradet,2016-03-22 15:26:56 +0400,,testing/test_skipping.py,1,1
1fbd19b8cb20d100d608f7c593732fa945401329,Quentin Pradet,2016-03-22 14:29:13 +0400,,testing/test_skipping.py,13,0
fbc5ba08d969adafd71ecb6fce25a1cad76bb983,Roman Bolshakov,2016-03-20 01:02:17 +0300,138,testing/code/test_excinfo.py,88,2
4b0237c8ee6ff511109e3f9237d2e08a4c3089c0,palaviv,2016-03-19 21:42:47 +0200,,testing/python/metafunc.py,25,1
877ca5a0bf50bd9406d7cea3f7b4d595071d7bd1,palaviv,2016-03-19 21:38:24 +0200,,testing/python/metafunc.py,18,0
a8cfd54871640bf4bcceafc9ae82ffaa33feda48,palaviv,2016-03-19 21:23:49 +0200,,testing/python/metafunc.py,7,0
fa6acdcfd49d84d5ffb85b23a63a4ed0459d81cc,Tareq Alayan,2016-02-29 16:14:23 +0200,,testing/test_junitxml.py,35,0
1ee3d40dbedb7c45418d89266a878f123da84bed,palaviv,2016-03-13 23:37:21 +0200,,testing/test_mark.py,16,0
916c0a8b36dc7f9db3c7bef1b80ec85c61378e12,Kale Kundert,2016-03-11 16:29:18 -0800,,testing/python/approx.py,6,3
42a7e0488da56f2cb0e5468af95bb1f124b05e65,Kale Kundert,2016-03-11 08:49:26 -0800,,testing/python/approx.py,259,9
957712059206ea0994780719b98f38bc9e3dfcd4,Mike Lundy,2016-03-08 18:16:57 -0800,,testing/python/fixture.py,11,0
7a186df2718e8cf210fe18c0fe7cdde92d96aa64,Bruno Oliveira,2016-03-08 19:18:13 -0300,,testing/test_pluginmanager.py,6,2
bf97d5b81735c6bdf85b27deeac2f83f94d436ad,Kale Kundert,2016-03-07 16:40:41 -0800,,testing/python/approx.py,2,1
dd28e28b34a2d37dc41219b73ce5462ff6d86e10,Kale Kundert,2016-03-07 10:09:20 -0800,,testing/python/approx.py,6,1
6f5e1e386a685cc5975762f0a0457738a3522b13,Kale Kundert,2016-03-06 18:53:48 -0800,,testing/python/approx.py,27,0
8ce32b0795e04a1e9a0c638130adcf6e7eaa72ea,Matt Bachmann,2016-03-05 12:23:13 -0500,,testing/acceptance_test.py;testing/python/metafunc.py,14;5,0;0
5d4703852e0acd7430b57c0485879349c20518d3,Bruno Oliveira,2016-03-05 19:34:15 -0300,,testing/test_runner.py,6,3
d8403d793fe336474b0d7aee5d3e41756780bb0e,Bruno Oliveira,2016-03-05 16:58:44 -0300,578,testing/code/test_code.py;testing/python/collect.py,11;17,0;0
24d3e015481434657a71d9b5403cc7331e936fea,Bruno Oliveira,2016-03-05 16:09:01 -0300,1178,testing/test_runner.py,19,0
3d2b7aeea55a62e4f177b80f03681260b8716c21,TomV,2016-03-03 09:12:56 +0000,,testing/test_junitxml.py,18,2
28530836c9351c3b18434b9a3dc4fc1f1900a7fb,TomV,2016-03-01 15:49:55 +0000,,testing/test_junitxml.py,20,5
891e0295183d6cd8ca8b6e58af65c397cb7e2197,Matt Williams,2016-03-02 12:43:57 +0000,,testing/test_doctest.py,50,0
7e758a9dc61e48a431103581258174713c563b8e,Lukas Bednar,2016-02-29 15:39:37 +0100,,testing/test_junitxml.py,15,0
d98d655094388e8e804b2d0539e350a99370c688,Ryan Wooden,2016-02-26 08:14:55 -0400,,testing/test_runner.py,20,37
cf9a09e988fdfb4478e653072e0584fb8a8fa248,Anatoly Bubenkov,2015-09-15 01:14:58 +0200,,testing/test_runner.py,43,0
d9ede1bac20b05d5017681a8d8df9136eb878bcb,Bruno Oliveira,2016-02-25 20:02:34 -0300,,testing/test_skipping.py,7,4
5f90907509865c715c14b198e14f8f4cb47bbea0,Bruno Oliveira,2016-02-25 19:13:09 -0300,1412,testing/python/collect.py,78,0
96a331e32f29f5402f737326d609cafc40102cfe,Bruno Oliveira,2016-02-20 14:21:42 -0200,1397,testing/test_terminal.py,25,0
0eeb466f11eb73f7c4801aa94326a99f337e0183,Bruno Oliveira,2016-02-15 19:05:40 -0200,,testing/test_skipping.py,22,3
ee88679c540f1f387e50e76de470b2fd25f1036d,Bruno Oliveira,2016-02-15 18:43:45 -0200,,testing/python/collect.py;testing/test_skipping.py,1;2,0;1
7823838e69ad73903dd6c59740b5a6a08148b6b4,Bruno Oliveira,2016-02-14 20:45:55 -0200,1355,testing/test_skipping.py,52,0
a965386b9edba40e06181eca7f695b5e643e7eca,Bruno Oliveira,2016-02-14 19:27:48 -0200,,testing/test_config.py,15,0
1b431d66448fccb94b804d5b2b4f57a80114a5ea,Marcin Biernat,2016-02-12 15:54:36 +0100,,testing/test_assertion.py,3,0
bfa2fadac14918d97855db306ccb7cca776530f2,Ronny Pfannschmidt,2016-02-10 19:54:10 +0100,1366,testing/test_terminal.py,4,0
7d107018e85c95d8def9d7d658b0596c80312b8f,TomV,2016-02-05 22:30:07 +0000,1290,testing/test_assertrewrite.py,13,0
79722ae89b7c26f9d03a08fe2b2de6873a40b1fe,Georgy Dyuldin,2016-02-03 12:01:03 +0300,,testing/python/raises.py,6,0
9f85d4c9527d83de8f30b7169aa64f4713e7f2f5,Bruno Oliveira,2015-12-23 01:44:44 -0200,,testing/code/test_source.py,2,0
a912d3745bcbbc49999dc9becf0d5545849d44ea,Bruno Oliveira,2015-11-27 12:43:01 -0200,103,doc/en/example/assertion/failure_demo.py;doc/en/example/multipython.py;setup.py;testing/acceptance_test.py;testing/code/test_code.py;testing/code/test_excinfo.py;testing/code/test_source.py;testing/python/collect.py;testing/python/fixture.py;testing/python/integration.py;testing/python/metafunc.py;testing/python/raises.py;testing/test_assertion.py;testing/test_assertrewrite.py;testing/test_capture.py;testing/test_config.py;testing/test_conftest.py;testing/test_doctest.py;testing/test_pdb.py;testing/test_resultlog.py;testing/test_runner.py;testing/test_terminal.py;testing/test_unittest.py,2;3;1;5;163;911;657;12;18;2;5;2;4;4;3;5;10;4;4;7;10;8;2,1;2;1;2;0;0;0;9;14;1;3;1;2;3;1;4;7;4;3;3;6;6;1
b825af2e661a584b1dac1e6c4758d51cf9072657,Ronny Pfannschmidt,2016-01-23 19:31:17 +0100,,testing/test_monkeypatch.py,3,3
60e9698530c7cda7d46cd8046ab26b48d22a2aa6,Ronny Pfannschmidt,2016-01-23 19:12:10 +0100,,testing/test_monkeypatch.py,8,0
9e6bb74d710179163fc4f61de70183da0bf636a2,Ronny Pfannschmidt,2016-01-23 18:08:18 +0100,,testing/test_monkeypatch.py,27,5
b28b3cc271fcd5bff672b62bf3ab9eacffabc1b1,Georgy Dyuldin,2016-01-20 20:13:01 +0300,,testing/test_junitxml.py,29,0
3e5c9038ec33915aa67b6a6003ca11c9f8484b18,Florian Bruhin,2016-01-08 10:58:26 +0100,,testing/test_assertion.py,8,1
f46de6880483a60e3295c2e02ce86c5b6485251c,foxx,2016-01-08 12:41:01 +0000,,testing/test_pdb.py,16,0
3c19cfcd9aa515c2fc6b62104fccf9269cc2434e,Bruno Oliveira,2016-01-08 22:19:37 -0200,628,testing/test_doctest.py,59,1
369d9ecaa52e6680cc05f58d60314719df751b47,Bruno Oliveira,2016-01-04 00:07:45 -0200,1305,testing/test_terminal.py,17,0
1bdf71730a3a84cfed9b81d18e5beb76943c2907,Bruno Oliveira,2015-12-30 18:19:08 -0200,1255;1242,testing/test_doctest.py,32,2
a0edbb75a46c95956a6a6d042a60904c077f7c1a,Bruno Oliveira,2015-12-29 20:55:19 -0200,1287,testing/test_doctest.py,46,1
8d49abb0d1b30d8692ed7d4ae09f1d183132a29a,Ulrich Petri,2015-12-27 22:42:42 +0100,900,testing/test_monkeypatch.py,17,0
ec5a429c770f1f6f487fabd815cd89b7423e8098,Ronny Pfannschmidt,2015-12-17 22:30:27 +0100,,testing/test_junitxml.py,3,0
713069ebd453ee218bd947a5762bda06f77caddd,Ronny Pfannschmidt,2015-12-17 22:27:01 +0100,1266,testing/test_junitxml.py,27,10
af893aab263627ce98ae842851853bc77a85debb,Bruno Oliveira,2015-12-16 15:55:05 -0200,1226,testing/acceptance_test.py;testing/test_argcomplete.py;testing/test_assertion.py;testing/test_mark.py;testing/test_nose.py;testing/test_parseopt.py,0;0;1;0;0;0,3;4;8;2;1;6
8bf7e7cc4ba530a9ffce8dc177da3a741b5ea6ff,Ronny Pfannschmidt,2015-12-16 19:07:36 +0100,1259,testing/test_junitxml.py,41,4
1216a27b44a2eeaae8f02dd2675596581d57246c,aselus-hub,2015-12-10 15:19:08 -0800,,testing/python/collect.py,6,0
74f7efd2a34e9dbbbccaeb21f93bd51fa234ab68,aselus-hub,2015-12-10 15:10:55 -0800,,testing/python/collect.py,1,1
34db8aed341418af52de742f83503bf0f948c6c5,aselus-hub,2015-12-10 15:02:57 -0800,,testing/python/collect.py,1,0
af54e097590d3d24550e6dd0bb62fa0113aa6339,aselus-hub,2015-12-10 14:46:51 -0800,,testing/python/collect.py,1,1
dfaeefd69207b4e8b0e5d2e24b037a3d49a3e4e5,aselus-hub,2015-12-10 14:45:36 -0800,,testing/python/collect.py,16,0
ccfd962170a0767ade7cb3b3f329281cdcc998ab,David Vierra,2015-12-08 17:33:03 -1000,,testing/test_terminal.py,2,0
b417d7cb7992f668f67ed0cb5dd5c9aea74fe1e3,David Vierra,2015-12-08 15:54:23 -1000,,testing/test_terminal.py,25,0
1c464629919e539c005fe514e172b6fee5acca52,Bruno Oliveira,2015-12-08 22:40:05 -0200,1238,testing/test_recwarn.py,5,4
5ccb7b1ced6a5593b2af325fab07b43f91d1ec75,Buck Golemon,2015-12-08 11:08:33 -0800,,testing/test_recwarn.py,2,2
7b7737bf9694001a00b556ceacd0477b5dd5ae4a,Ronny Pfannschmidt,2015-12-06 13:21:52 +0100,,testing/test_junitxml.py,14,2
04e9ae75c80e877fea6d3f25694109799c000c2e,Ronny Pfannschmidt,2015-11-24 21:24:15 +0100,,testing/test_junitxml.py,11,0
5eef6a28214b21be31843803614ed35a1da0c85b,Ronny Pfannschmidt,2015-10-10 19:47:21 +0200,,testing/test_junitxml.py,1,1
5f5a7995b9080488b42299ac5bb545e78615e95f,Ronny Pfannschmidt,2015-10-10 19:35:58 +0200,,testing/test_junitxml.py,1,1
0528e5b45f4da751056af98412b60f16a8e52a74,Ronny Pfannschmidt,2015-10-10 19:24:21 +0200,,testing/test_junitxml.py,13,12
9b0495830319f3028291e19b5317f64ec105dca0,Ronny Pfannschmidt,2015-10-10 14:39:25 +0200,,testing/test_junitxml.py,6,2
d0107c898ecd9a49246f22c3ab2b6ea0a54bd290,Ronny Pfannschmidt,2015-10-10 09:31:52 +0200,,testing/test_junitxml.py,6,1
9128fec4c49b9cf53528fac3a1e2eabe2b011227,Ronny Pfannschmidt,2015-10-10 08:19:41 +0200,,testing/test_junitxml.py,6,1
80bcf8d624a3a2968867c257ffb20931220614eb,Ronny Pfannschmidt,2015-10-10 00:40:50 +0200,,testing/test_junitxml.py,204,166
b8df5446c0ae73c0a422726d5cdfffc15df56309,Ronny Pfannschmidt,2015-09-29 22:39:18 +0200,,testing/test_junitxml.py,87,71
14bc3c40099a33a692b2f6ce0a0626698905d8fe,Bruno Oliveira,2015-12-03 20:07:18 -0200,1219,testing/test_pastebin.py,31,4
6a2ebddc7c2fb6176d2b442c21239402da7b92ce,Bruno Oliveira,2015-12-01 23:30:05 -0200,1198,testing/test_pastebin.py,3,2
0d2668017dcf2ac618dfaeff671c24b603b5e0ca,Florian Bruhin,2015-11-30 17:32:20 +0100,1207,testing/test_terminal.py,2,2
aba55a0fb23f1a5321988cd01f9f13a419105183,Florian Bruhin,2015-11-30 16:59:12 +0100,,testing/test_terminal.py,2,2
ba9146c131cc8a2e7d7a32dae59265a29ffa1061,Florian Bruhin,2015-11-30 16:41:13 +0100,1204,testing/python/integration.py,29,0
c790f7475e33be7790c63c18001e66577e69d58e,Florian Bruhin,2015-11-30 16:13:15 +0100,1204,testing/python/collect.py,15,0
f9b1e39b8a51f6f0b65c10ed05cf4311c6aeafca,mehdy,2015-11-29 19:42:50 +0330,1198,testing/test_pastebin.py,3,3
603d81ef2fab053b2561c1fbd305ca5c2d77e283,Bruno Oliveira,2015-11-26 16:27:20 -0200,1190,testing/test_recwarn.py,44,23
b3166a538c3b35c6dbde9b52f9d48278fc7dcfed,Bruno Oliveira,2015-11-23 13:05:56 -0200,,testing/test_pdb.py,5,1
7d6edb9ca57945cd42922e6c499ba510598dbff4,Bruno Oliveira,2015-11-04 19:54:18 -0200,,testing/test_unittest.py,7,5
313050b15b20a510edb1bce15deff25b514ef4e6,Lee Kamentsky,2015-11-04 15:30:16 -0500,,testing/test_unittest.py,1,0
18335479369e84ce20792ec747bc260556830c28,Lee Kamentsky,2015-11-04 14:24:22 -0500,1169,testing/test_unittest.py,13,0
311b0a9683b8e2111cbe25480a5587c603fe0bc2,Bruno Oliveira,2015-10-16 20:08:12 -0300,1133,testing/python/collect.py,30,6
a3bda59a30afaf1f1b77ccdacf08ef8144129465,Michael Birtwell,2015-09-23 00:06:55 +0100,,testing/python/collect.py,24,0
67236d6de38571f2835c04f00a583aa10658b509,Buck Golemon,2015-10-09 09:57:40 -0700,,testing/test_config.py,6,0
0e55a8793f182518aef3401b4893fe4caeea962a,Buck Golemon,2015-09-24 17:52:53 -0700,,testing/test_config.py,23,9
49d46a0059e5a167469a8c702564b41510ed1995,Buck Golemon,2015-09-24 16:10:01 -0700,,testing/test_config.py,0,2
616d8251f34bdd9a4fe7e0bac265412ab8cea961,Buck Golemon,2015-09-24 14:13:36 -0700,,testing/test_config.py,45,0
707226298a445016b72bb7bf749a5e4aee36c8e5,TomV,2015-10-07 09:23:46 +0100,,testing/python/collect.py,10,0
a14c77aeba5c4209e30adcf50e09eb253b9417f0,Bruno Oliveira,2015-10-01 22:59:37 -0300,1100;1057,testing/test_doctest.py,120,33
8984177448a3e0b3b493dd3112bf4d6991448df1,Michael Aquilina,2015-10-03 17:12:44 +0100,,testing/test_skipping.py,1,1
00d0c74657ca912f109d851961042e9e8ada9b2c,Michael Aquilina,2015-10-03 17:01:21 +0100,,testing/test_skipping.py,2,2
fc0bd9412cbcece8715449916f96fc1ddc51a71f,Michael Aquilina,2015-10-03 17:00:16 +0100,,testing/test_skipping.py,1,1
5ff9a0ff54d0e1a88acd01fb918dec6fc7a48426,Michael Aquilina,2015-10-03 16:59:27 +0100,,testing/test_skipping.py,0,4
25d74a591966a4aa3852cbffab0865224a9ae0e0,Michael Aquilina,2015-10-03 16:55:04 +0100,,testing/test_skipping.py,4,4
213dbe7a5f28da38b62e7828d3c1d866fe996b4b,Michael Aquilina,2015-10-01 22:36:43 +0100,,testing/test_skipping.py,1,0
9e57954b0388d2830dee1e560347af581b75534a,Michael Aquilina,2015-10-01 22:35:38 +0100,,testing/test_skipping.py,13,0
1b5aa2868de5d7ab3ec99c0c4c11836dde85f9cf,Michael Aquilina,2015-10-01 21:56:15 +0100,,testing/test_skipping.py,5,2
04545f8a54c6a5e8e11932f4a045fb2f51a52013,Michael Aquilina,2015-10-01 21:55:51 +0100,,testing/test_skipping.py,3,3
d1628944a667c8007da1fc2ff897adaf7a80f985,Michael Aquilina,2015-09-27 22:49:09 +0100,,testing/test_skipping.py,19,4
771aef9ddbd7927e30656aedc20aee5ca9fd8b8d,Michael Aquilina,2015-09-21 15:47:11 +0100,,testing/test_skipping.py,16,0
f144666f8bcb468c89d938c919af4bc43c935704,Michael Aquilina,2015-09-21 12:20:49 +0100,,testing/test_skipping.py,42,1
4e94135d361c541a579180e25a55cbfa38021565,Michael Aquilina,2015-09-21 12:11:20 +0100,,testing/test_capture.py,0,1
d1e00f6e194741ba6e9ff1e662fe9145069211bd,Bruno Oliveira,2015-09-30 17:15:53 -0300,,testing/python/collect.py,1,1
11f100813e4aa40d5c89f904aea6e2ac38c4607e,Bruno Oliveira,2015-09-29 22:29:43 -0300,995,testing/python/collect.py,48,0
b64470443f7d06912b376e507498662d56508850,Bruno Oliveira,2015-09-29 18:20:30 -0300,1087,testing/python/metafunc.py,17,0
8633c4cefde8dcedb715a20cdd0aa9705ea94be7,Bruno Oliveira,2015-09-29 17:57:49 -0300,1085,testing/python/metafunc.py,19,0
04deea3c6df7e70cc5a5929726f6cb784104bf4a,Ronny Pfannschmidt,2015-09-29 21:00:12 +0200,,testing/test_tmpdir.py,12,11
b3727438d6f39cf63f1ace443d56e7f0362b1da3,Simon Gomizelj,2015-09-28 12:05:58 -0400,,testing/test_pluginmanager.py,17,0
4194c9cce2502cbea910b406c0f3e526aa5f5563,Eric Hunsberger,2015-09-28 12:24:20 -0400,897,testing/test_recwarn.py,8,0
e8261e0c77f428fd766cd82aa55b5cbeb58e7de8,Eric Hunsberger,2015-09-28 12:09:44 -0400,897;1037,testing/test_recwarn.py,6,3
4e3a8077330a20488eb818a1f280c4bd5a37fc67,holger krekel,2015-09-28 13:34:28 +0200,1073,testing/test_conftest.py,16,0
748da0e5d70cd65f4a6b4d29316f0f58924bc83d,Bruno Oliveira,2015-09-26 03:11:23 -0300,1064,testing/test_junitxml.py,25,0
e1063678f10b48c5872f6e9d829c21be9097748b,Bruno Oliveira,2015-09-22 22:48:22 -0300,,testing/python/metafunc.py,10,6
beaa8e55bd6453a929c458570678c4d4b0d4bed3,Galaczi Endre,2015-09-21 14:18:29 +0100,653,testing/test_recwarn.py,11,0
b1c9b8b415f1736e8718cb7362d263b82406e267,Andy Freeland,2015-09-18 21:06:13 -0400,,testing/test_tmpdir.py,34,0
49c99a41ea8f705fb5ef1ac180f0e22925f0bec5,Ronny Pfannschmidt,2015-07-25 10:16:05 +0200,877,testing/test_assertion.py,11,0
02a2272cfed386f5233ae4308eca2c610f43b512,Lukas Bednar,2015-09-16 13:02:54 +0200,,testing/test_junitxml.py,3,1
baf5b5d005dff3238a18dfc9d9d3061f67025102,holger krekel,2015-09-17 13:43:39 +0200,,setup.py,1,1
16f90ffc924f5c7d07f70935768228aa3181a0a3,Michael Droettboom,2015-09-17 07:30:35 -0400,,setup.py,1,1
7eb12111920a42ef7df05ede15b8f6d3fdcc6b66,holger krekel,2015-09-17 12:58:04 +0200,,setup.py,1,2
7f71ce0ab2b3a307e4c55a6ed1b1ecf56af312e6,Michael Droettboom,2015-09-16 16:52:37 -0400,,testing/python/metafunc.py,14,4
a62d12634c01b73930e46dde8af0bc9aa2894785,holger krekel,2015-09-16 22:12:20 +0200,,testing/python/collect.py,6,4
130e6cf8a29465b36b61221b6cae27dd20b4e94d,Bruno Oliveira,2015-09-16 16:42:07 -0300,,testing/test_tmpdir.py,1,1
558e5406e84026528b4ee3055d8dc9411819e1d7,Bruno Oliveira,2015-09-16 13:06:39 -0300,,testing/test_tmpdir.py,4,1
1150e87e3127e16ce0215f119572ff1956826a17,Bruno Oliveira,2015-09-16 12:47:50 -0300,,testing/test_tmpdir.py,10,0
6676aeda5a6d720e1c667c12e3db25d3929b4ffb,Bruno Oliveira,2015-09-16 12:20:07 -0300,1010,testing/test_tmpdir.py,16,1
9a84c9edb616bcffb275905eea53eab810879f12,Michael Droettboom,2015-09-16 11:02:48 -0400,,testing/python/metafunc.py,4,0
a0cefb32138fe2ff7ca1d7797de58bc85faf967b,Michael Droettboom,2015-09-16 06:33:53 -0400,,testing/test_runner.py,4,1
16720b96b4e3eeeed232afbdf87b6bed78fa7806,holger krekel,2015-09-15 12:17:52 +0200,,testing/test_runner.py,1,1
cd475c7b27147a9e0599d6994ba1f29da25ef726,Ronny Pfannschmidt,2015-08-27 20:35:46 +0200,,testing/python/collect.py;testing/test_terminal.py,1;0,1;1
dd6939459826001fd75de76787372d112143ff12,Abhijeet Kasurde,2015-09-11 12:24:45 +0530,,testing/test_skipping.py,37,0
0b3f1b4a7c2f2a7f549fbc8b77d5ed6354a4574c,Bruno Oliveira,2015-08-25 19:43:09 -0300,,setup.py;testing/test_terminal.py,2;1,2;1
76f09885517abaf4fc3741827b439a434a61136d,Ronny Pfannschmidt,2015-09-02 18:49:49 +0200,,testing/test_pluginmanager.py,10,3
4ad56e84a8cf1a6481af84c4ca6a34719a60e8c4,Bruno Oliveira,2015-08-25 23:12:02 -0300,,testing/test_doctest.py,47,0
19791546dac940680e1a1cb8cc88b570c6c0e892,Florian Bruhin,2015-08-31 15:11:57 +0200,,testing/python/fixture.py,4,0
885e461ae3852acead946c5cd0c674d4d6a20642,Florian Bruhin,2015-08-31 14:38:39 +0200,979;926,testing/python/fixture.py,16,0
dd7112d5ea4b610fd6bde215d85b76b46f29e252,Bruno Oliveira,2015-08-27 22:20:13 -0300,934,testing/test_assertion.py,6,1
e59471766a00378912ebf403443e97f5efd8e199,Bruno Oliveira,2015-08-27 19:59:52 -0300,970,testing/test_config.py;testing/test_terminal.py,2;3,2;2
4533a50542ebf6f45f3c46cdd9ac64325bb236c6,Bruno Oliveira,2015-08-27 19:35:32 -0300,973,testing/test_parseopt.py,9,2
42b43a7d7bfd9a5ff8585672a2e03ba650ad02e1,Bruno Oliveira,2015-08-25 22:08:05 -0300,949,testing/test_config.py;testing/test_parseopt.py,25;3,0;1
70da93145d1b821380315c39be1c052a4c8d3c54,Bruno Oliveira,2015-08-23 11:45:39 -0300,,testing/test_junitxml.py,2,1
06585f5bddd5bd071a74ed086e495dd8c8210030,elizabeth,2015-08-23 13:42:40 +0300,,testing/python/metafunc.py,2,3
2ddbac1f98f0a10000a390eb34ea8af5fa6c6bc4,David Diaz,2015-08-21 14:31:20 -0600,,testing/test_junitxml.py,2,3
d7d418cd471cddc14295fb7b7dcd1c211c96e94b,Bruno Oliveira,2015-08-20 21:17:05 -0400,,testing/test_runner.py,2,2
24212fd97f6f0720f35a5c944bbf7a92f9abdf79,David Diaz,2015-08-19 15:36:42 -0600,,testing/test_junitxml.py,10,1
2ffd37b816a603ff05ff8614625acb90e63a25e8,Bruno Oliveira,2015-07-04 14:42:22 -0300,812;500,testing/acceptance_test.py;testing/python/collect.py;testing/test_assertrewrite.py;testing/test_capture.py;testing/test_collection.py;testing/test_config.py;testing/test_conftest.py;testing/test_helpconfig.py;testing/test_junitxml.py;testing/test_pluginmanager.py;testing/test_runner.py;testing/test_session.py;testing/test_terminal.py;testing/test_unittest.py,9;3;3;2;5;2;5;4;2;2;21;3;2;3,7;1;2;1;5;1;1;3;1;1;0;1;1;2
7758bcd141275bb1856dba2fa0ed09e2feacacd8,Ronny Pfannschmidt,2015-08-17 09:10:01 +0200,,testing/test_terminal.py,20,2
d749021a31f76167a2305cb81d21f70613867390,Bruno Oliveira,2015-08-12 22:46:13 -0300,,testing/test_doctest.py,6,5
420823070b9e2a898a07201466c82d763d94b752,Bruno Oliveira,2015-08-12 21:41:31 -0300,710,testing/test_doctest.py,44,0
41cef6f5f2a20b918bb9b9204ca6c91b47442d15,Markus Unterwaditzer,2015-08-08 02:09:08 +0200,736,testing/python/collect.py;testing/python/fixture.py,11;16,1;0
e103932aad78c3072ee3b81d5e4f7c801ef1d23a,Bruno Oliveira,2015-08-09 19:30:49 -0300,932,testing/acceptance_test.py,5,0
e130a0257d883a46c623e30a6ed7408a5d38155e,TomV,2015-08-06 09:51:18 +0100,,testing/test_nose.py,46,0
36b86af4b9fee77eaa3a5c26d0b7c37a1aaf56d0,Brianna Laugher,2015-08-08 19:20:09 +0200,,testing/python/metafunc.py,61,1
b59376bea4040ccabdf421181f59eaa40c59aa12,Florian Bruhin,2015-08-07 07:51:59 +0200,,testing/python/metafunc.py,6,4
13c545686844f2e09e6e459ec1d291bd8605d3b2,Florian Bruhin,2015-08-07 07:31:04 +0200,,testing/python/metafunc.py,15,3
2bbe709bcebc3d837a4e533cba63afe50d1fe2b0,Bruno Oliveira,2015-08-06 22:30:01 -0300,,testing/test_recwarn.py,13,4
39f1471e932fd0dc9c7b495e8275e6747a87f99e,Eric Hunsberger,2015-08-06 15:05:01 -0400,,testing/test_recwarn.py,6,0
02e742b7a6d7a9060309385367ff9746cea3efb5,Bruno Oliveira,2015-08-04 19:27:13 -0300,897,testing/test_recwarn.py,2,1
e79413acc403b3ef69b9ac5741b18768f706a779,Abhijeet Kasurde,2015-08-04 16:41:02 +0530,,doc/en/conf.py,5,5
657ca97dbd6efbf6d732d0d56a77c84f679294d5,elizabeth,2015-08-04 00:02:03 +0300,,testing/python/metafunc.py,15,2
db9809d6dc7a3f0d8a78825c84c19303c6b8bda6,elizabeth,2015-08-02 23:53:44 +0300,,testing/python/metafunc.py,5,18
63bac67fb5bb016eac1d1cb000f242086d6aaf23,elizabeth,2015-08-02 23:06:24 +0300,,testing/python/metafunc.py,19,0
15b865f5022a944d3ec13036809bfb24dac3a7bd,elizabeth,2015-08-02 20:30:23 +0300,,testing/python/metafunc.py,6,5
2fc7aede0b507b93d02fb1222fd5b2e3f82e3167,elizabeth,2015-08-02 16:40:40 +0300,714,testing/python/metafunc.py,40,0
52b4eb6c46e6b8b3f4be6163198f34aef5a30366,Eric Hunsberger,2015-07-28 19:01:11 -0400,,testing/python/raises.py;testing/test_recwarn.py,0;136,1;52
4302972c237a17a6b8e834939169bb187ba644bb,Bruno Oliveira,2015-07-28 20:35:13 -0300,894,testing/test_tmpdir.py,14,0
2ab4bf13ab54cd02b162709be1777309d9171d0f,Florian Bruhin,2015-07-26 14:39:13 +0200,815,testing/python/collect.py,14,0
e8f48198762b7032b9f301b74bc8b17daac959d0,jakubo,2015-07-25 14:28:18 +0000,683,testing/test_mark.py,18,0
3e6bee2fc60944f9eba24ff77b41e14e385f4540,David Szotten,2015-07-26 01:28:00 +0200,,testing/test_capture.py,1,0
983d249680e7bb60695df5066bb34abacd172bf3,David Szotten,2015-07-26 01:15:51 +0200,,testing/test_capture.py,18,0
f78d87ee3836dd0e6eae408c536f83a2b8ba6a3f,Jan Bednařík,2015-07-25 15:38:11 +0200,751,testing/python/collect.py,18,0
a060b8ff738c08b837c89d87eae8a6bba54cf357,Ronny Pfannschmidt,2015-07-25 10:44:18 +0200,,setup.py,2,1
033def0a7a863a1fee054c65855eb44debac84ae,Bruno Oliveira,2015-07-24 19:21:57 -0300,,testing/test_capture.py,1,1
4f1ae8c45e0e29bdcf4b92d582a9fd3a407c208b,Bruno Oliveira,2015-07-24 17:52:56 -0300,,testing/test_capture.py,2,1
3cd19a7e45fac0694e9d91bb01611ff2d85684f5,Eric Hunsberger,2015-07-24 01:12:01 -0400,,testing/test_runner.py,4,4
d10448728247beabc0a8b4fea3dd411544116292,Eric Hunsberger,2015-07-23 16:38:25 -0400,,testing/test_runner.py,13,0
35bbcc39a28b3464612f1b4060b05877290794ff,Bruno Oliveira,2015-07-18 14:40:00 -0300,855,testing/acceptance_test.py,16,0
ab9e246ab068d35330f2854acaacf49c24fa6920,Bruno Oliveira,2015-07-23 21:48:59 -0300,82,testing/test_conftest.py,41,0
31cfbac1f4c0f8748210a0b8c7707c79fda2b32b,Bruno Oliveira,2015-07-20 19:25:01 -0300,,testing/test_unittest.py,10,5
953916df49fbb717da908845632a66753f01133d,Bruno Oliveira,2015-07-18 17:16:27 -0300,,testing/test_skipping.py,20,0
2f7d0f8bd932ce2447386cdabb8fcdedf4cb7111,Bruno Oliveira,2015-07-18 16:39:55 -0300,,testing/python/fixture.py,5,0
dcdc823dd2c79688d7da27e9393cda4fd4323ac0,Bruno Oliveira,2015-07-02 23:13:59 -0300,811,testing/python/collect.py,44,0
aa25fb05a9a4376d206a44e01c0e01fa21604f75,Bruno Oliveira,2015-07-15 21:03:30 -0300,842,testing/test_mark.py,55,0
74bc50e97cc8b1d85bec8f11ce84df698270f07a,Bruno Oliveira,2015-07-15 20:45:35 -0300,,testing/test_tmpdir.py,3,1
0f52856f995e42ac5f337bd82dd5179cea5214a1,Bruno Oliveira,2015-07-15 20:03:58 -0300,105,testing/python/fixture.py;testing/test_conftest.py;testing/test_tmpdir.py,2;2;18,1;2;17
d6033037acbff2da2439a1be907cf226a4af9a4f,Bruno Oliveira,2015-07-12 23:43:33 -0300,768,testing/test_doctest.py,33,0
5ec2a17f08f3fa51a32607b174c96b5801d39551,Bruno Oliveira,2015-07-12 17:32:39 -0300,833,testing/python/fixture.py,38,0
7445c5bd7005203b6bcec6b0bd1755eec3ab9eaa,Bruno Oliveira,2015-07-11 14:13:43 -0300,808,testing/test_assertrewrite.py,15,0
8a6aa5e17edcbafc9c37c11acdb17e32af024d62,Bruno Oliveira,2015-07-08 21:22:08 -0300,821,testing/test_config.py,13,0
854e603f84dde8345cd959ad302ddb5d281e67b2,Bruno Oliveira,2015-07-08 22:51:18 -0300,694,testing/test_collection.py,29,0
438ea86137b3dde860d940d5eb3997bbbd28ba1f,Bruno Oliveira,2015-07-04 14:49:04 -0300,,testing/test_junitxml.py,1,1
7fa27af4083c291d25a53075bcf0528ea6d2d1d6,Kevin Cox,2015-06-30 19:30:20 -0400,,testing/test_junitxml.py,25,0
afcad74be8d25650ad1fb3a61c54c0eb2ff4cab9,Eric Siegerman,2015-07-02 13:05:26 -0400,,testing/test_terminal.py,25,25
6c395cb58c52f7c4f0d55ba034cbf687b056dad2,Eric Siegerman,2015-06-30 19:32:33 -0400,,testing/test_terminal.py,13,7
044d874c5b7d6c139cdb4e702322ad28f020ad7a,Eric Siegerman,2015-06-30 19:20:25 -0400,,testing/test_terminal.py,4,4
e07144aeb4069053c0f9c06bca8ee3d05ab1467b,Eric Siegerman,2015-06-30 19:12:52 -0400,,testing/test_terminal.py,4,0
7993afae4611fcd3e1add0ee96b64fa00c16b5b8,Eric Siegerman,2015-06-30 18:48:49 -0400,,testing/test_terminal.py,3,0
bfc3e48fd57f8ae889efd14b2e9b440b08208dcf,Eric Siegerman,2015-07-02 13:03:05 -0400,,testing/test_terminal.py,53,0
9fb1637ce2320de792ebc16afca45e10caf65d8f,Bruno Oliveira,2015-06-26 00:26:59 -0300,,testing/test_recwarn.py,6,2
444cdfe6e3ba1fb5788da9bb6778cfec76970be4,Pieter Mulder,2015-06-25 17:33:40 +0200,,testing/test_recwarn.py,4,4
3c2fd833caf9dc69a9eb65248fc3c4d7b83d09c5,Bruno Oliveira,2015-06-17 18:57:45 -0300,787,testing/acceptance_test.py,6,0
01d067ec2b2142782b7102aa73fe8c095a2e269a,Florian Bruhin,2015-06-23 09:56:25 +0200,799,testing/test_conftest.py,1,0
8664fc41020e3c1019cad144c25952057b72e875,Florian Bruhin,2015-06-23 07:53:32 +0200,,testing/test_conftest.py,6,0
cdd25c951272227c324f0b8560e44d38d4a88ebf,holger krekel,2015-06-22 23:53:41 +0200,,setup.py,5,5
48d91def7e630abce1b156ee752091efa19f780a,Edison Gustavo Muenz,2015-06-17 17:31:31 -0300,718,testing/test_assertion.py,36,0
eb73db56c7b8da17f5291fe0f096f6b3ceafd64c,Bruno Oliveira,2015-06-18 21:04:47 -0300,767,testing/python/raises.py,1,0
f90b2f845c7214a3243f438936a33152f0a29c3d,Bruno Oliveira,2015-06-18 22:26:35 -0300,748,testing/test_unittest.py,13,0
9d4e0365da1c7f76a6d225b40819003ed5ca2328,Bruno Oliveira,2015-06-18 21:59:44 -0300,114,testing/test_skipping.py,2,2
af77a23501611302bdeeec66c02390b9e5762689,Bruno Oliveira,2015-06-17 00:04:25 -0300,,testing/test_junitxml.py;testing/test_resultlog.py,1;1,0;0
9346e18d8c2e611747fe2b7c82ab6f0ae38aec55,curzona,2015-06-16 15:36:04 -0700,,testing/test_junitxml.py;testing/test_resultlog.py,9;14,0;0
0c05b906d4f82d36d2dded48bc96c1e3902bf9c6,Punyashloka Biswal,2015-06-16 16:35:31 -0400,713,testing/test_doctest.py,16,0
a0da7b977428ca17a0a5b5b9d6cb120e20ba339f,Bruno Oliveira,2015-06-16 20:42:49 -0300,,testing/test_doctest.py,3,0
0b0406fa858c6a71164bc28660c99ef244096f37,Punyashloka Biswal,2015-06-16 16:35:31 -0400,713,testing/test_doctest.py,13,0
b40f760cc3010758086f42d5a287d500cb020500,Bruno Oliveira,2015-06-15 18:28:31 -0300,,testing/test_monkeypatch.py,1,1
ff8d787cd51efa1ab6afccc882877cd686abe0cf,Florian Bruhin,2015-05-19 22:59:49 +0200,746,testing/test_monkeypatch.py,5,0
3c187c844e869a1370db42a58757ecb792f426e8,holger krekel,2015-05-07 11:50:08 +0200,,setup.py,1,1
d9a44098ce0d5195ecd5f4278c718d6f34f504ef,holger krekel,2015-05-07 11:02:55 +0200,,setup.py;testing/test_terminal.py,1;5,1;5
bb8141e27c524c57c673e9f70522a252b7ff9e6c,holger krekel,2015-05-06 14:58:46 +0200,,setup.py,1,1
bddc88f09e26051784712a9948af938517ef0546,holger krekel,2015-05-06 10:08:08 +0200,,testing/python/collect.py;testing/test_helpconfig.py;testing/test_mark.py,1;1;1,1;1;1
23538bcd31b9db9ce20a0f78163a2f545d4b861a,holger krekel,2015-05-05 21:53:04 +0200,,setup.py;testing/test_helpconfig.py;testing/test_terminal.py,1;1;6,1;1;4
93628fc0eb304407689a31aad81f994a1a9fa87f,Janne Vanhala,2015-05-01 14:55:52 +0300,,testing/test_junitxml.py,5,1
7f554f50e317c23430ecf10227f888000f7dfb43,Floris Bruynooghe,2015-04-30 02:31:12 +0100,731,testing/test_assertrewrite.py,21,0
25963e0544170e69ef742edf846ac84cf5e20fa4,holger krekel,2015-04-29 16:40:52 +0200,,testing/test_config.py,3,3
5ee7ee0850e73382cde2e431fa081ebc3ce1cf22,holger krekel,2015-04-29 16:40:51 +0200,,setup.py;testing/test_pluginmanager.py,1;311,1;0
9aec5cd52d57737afae1ddd1bc346bf263e116b4,holger krekel,2015-04-28 12:05:08 +0200,,testing/python/collect.py;testing/python/fixture.py;testing/python/metafunc.py;testing/test_config.py;testing/test_nose.py,17;56;18;4;11,17;56;18;4;11
db5649ec6a8fcd9ef148b9f77797a22cb9f3cda1,holger krekel,2015-04-28 11:54:53 +0200,,testing/acceptance_test.py;testing/python/collect.py;testing/python/fixture.py;testing/python/metafunc.py;testing/test_assertrewrite.py;testing/test_capture.py;testing/test_collection.py;testing/test_config.py;testing/test_doctest.py;testing/test_nose.py;testing/test_pdb.py;testing/test_pytester.py,1;17;56;18;2;18;1;4;1;11;11;1,1;17;56;18;2;20;1;4;1;11;4;13
a8afba054a687b2735e9016a3a7335ebdf0846ea,holger krekel,2015-04-28 11:54:46 +0200,,doc/en/example/assertion/test_failures.py;testing/acceptance_test.py;testing/python/collect.py;testing/python/fixture.py;testing/python/metafunc.py;testing/test_assertion.py;testing/test_assertrewrite.py;testing/test_capture.py;testing/test_collection.py;testing/test_doctest.py;testing/test_helpconfig.py;testing/test_pdb.py;testing/test_session.py,1;3;2;2;1;3;3;29;0;0;2;1;0,1;2;4;4;1;3;5;29;2;2;2;1;1
d3e363b97a2a27fecc3c049bcd1fae9fa4ac34f5,holger krekel,2015-04-28 11:54:45 +0200,,testing/python/collect.py;testing/python/fixture.py;testing/python/metafunc.py;testing/test_assertion.py;testing/test_config.py;testing/test_nose.py,18;57;26;1;5;16,18;57;34;1;5;20
424e5d13947c79fff2e945332df0d876670e373b,holger krekel,2015-04-27 15:06:47 +0200,,testing/python/collect.py;testing/python/metafunc.py;testing/test_config.py;testing/test_nose.py;testing/test_terminal.py,1;1;4;1;1,5;3;7;3;1
3a1374e69ce83597b4a17b832812a1c35ae9e272,holger krekel,2015-04-25 20:17:32 +0200,,testing/test_config.py;testing/test_terminal.py,1;1,1;1
9c5495832cc89c6dd9b89719eb149ee379d6992b,holger krekel,2015-04-25 18:14:41 +0200,,testing/test_config.py,2,2
e7a2e5310875065304ec02ab0b0cd86d323a3527,holger krekel,2015-04-25 13:38:29 +0200,,testing/test_config.py,1,1
d2a5c7f99b8d178f170c1ca6579690ce84e00b3d,holger krekel,2015-04-25 11:29:11 +0200,,testing/python/collect.py;testing/test_helpconfig.py;testing/test_mark.py,1;1;1,1;1;1
02a4042dca240f5011f08daffe0d85223520622c,holger krekel,2015-04-25 11:29:11 +0200,,testing/test_config.py,2,1
715a235b45debf5e71e1409a826d91833014f4b5,holger krekel,2015-04-22 16:33:20 +0200,,testing/test_session.py,2,2
d632a0d5c26c7c988a592e6b5a585685a576e36a,holger krekel,2015-04-22 14:15:42 +0200,,testing/python/fixture.py;testing/test_conftest.py,1;32,1;43
894d7dca22ac2ebae0bafd525106ef81178b4d46,holger krekel,2015-04-22 13:44:37 +0200,,testing/test_pytester.py;testing/test_recwarn.py;testing/test_unittest.py,1;0;0,1;1;2
1ef49ac5ab89c7eb30ddca520560daa337913f64,holger krekel,2015-04-22 13:31:46 +0200,,testing/test_pytester.py;testing/test_terminal.py,3;3,3;1
bc0ecd1d0619fa39ac995bb1bcc5c89a150cf7d6,Eduardo Schettino,2015-04-21 10:18:04 +0800,,testing/test_pytester.py,11,0
5c8e5acf9d6d1ac03ed8a483acf329a3276c0622,holger krekel,2015-04-17 22:25:35 +0200,,setup.py;testing/python/collect.py;testing/python/integration.py,5;20;2,5;0;2
15328c04eb8f6456e7a8162c2b324cfa7976711f,Bruno Oliveira,2015-04-15 19:31:22 -0300,553,testing/acceptance_test.py,17,0
129bb5393ba2102d1942c12eca39df003a67d981,Floris Bruynooghe,2015-04-12 23:36:28 +0100,,setup.py,2,2
db08dcab143a70876ac09f2a87d4f7adc9428461,Ionel Cristian Maries,2015-04-10 22:11:17 +0300,,setup.py,13,2
edd6c0f9b3088df8d7d0e18094ddbb1ec92aedec,Ionel Cristian Maries,2015-04-10 21:59:47 +0300,,setup.py,1,1
a58cb3b95ceaf4bc73b71d664e898bd071ddcfd5,Ionel Cristian Maries,2015-04-10 21:58:59 +0300,,setup.py,1,1
40a682476dab9e2e50b83b803457e78d478dbf0a,Ionel Cristian Maries,2015-04-10 21:44:27 +0300,,setup.py,4,2
b7d43c5a5d98ef2a00035071e6a8d1ee5665dd36,Ionel Cristian Maries,2015-04-10 21:08:50 +0300,,setup.py,18,4
b55d66d0cf571ec10cbedd84b9ae5f44e6680961,holger krekel,2015-04-02 10:38:25 +0200,,doc/en/conf.py;setup.py,7;10,4;1
3ed3e51997b30f2d739515c7daa33f086379e182,holger krekel,2015-04-01 18:42:48 +0200,,testing/python/fixture.py,21,0
e16983d265e12d66c389d7f767a8dfbb6615685a,holger krekel,2015-03-26 13:48:59 +0100,,doc/en/conf.py;setup.py,1;1,1;1
d2a8866bced48411be883fb0fce4f2f7cabe71ec,holger krekel,2015-03-26 09:34:10 +0100,,doc/en/conf.py;doc/en/example/multipython.py;setup.py;testing/python/fixture.py,2;2;1;3,2;2;1;4
43e4fcf6dddc6130ff31668b3101dc53de46c9f1,Brianna Laugher,2015-03-23 20:01:58 +0100,,testing/python/metafunc.py,1,1
ac17f20d98197606791ce5602d23307a53aa11fe,Brianna Laugher,2015-03-21 23:06:25 +0100,463,testing/python/metafunc.py,15,0
a9b7de8bf0236de9f421c603f1e2e201777735d0,Almar Klein,2015-03-21 17:26:23 +0100,,testing/test_runner.py,4,1
0fc75c962253ed1b712d8ca144a7f6ecc6df1b49,Almar Klein,2015-03-21 17:06:24 +0100,,testing/test_runner.py,15,0
5d6b0a59c0eb5a3c8a216bd6d88054c6b85b4210,Daniel Hahler,2015-03-04 17:00:24 +0100,,testing/python/fixture.py,31,1
c629f6b18b076bd60fc8e28bec95c9e5f141687d,Daniel Hahler,2015-03-04 16:21:27 +0100,,testing/test_assertrewrite.py,24,0
d0831535484cce2ed79a77e9907c00490777a2e8,Anatoly Bubenkov,2015-03-02 20:18:06 +0100,,testing/python/collect.py,6,6
97d5da5c9957f7fbceadc2b78467c63f4a85d01f,Eric Siegerman,2015-03-01 17:32:00 -0500,,testing/test_conftest.py,4,0
c4623939afb147be75ffe586b04168a5a35506c9,Anatoly Bubenkov,2015-03-01 15:15:37 +0100,,testing/python/collect.py,17,0
060609317a1113035abae7b342199c40ec84ce8e,Anatoly Bubenkov,2015-03-01 13:54:43 +0100,,setup.py;testing/python/fixture.py,2;108,1;0
bda3e53df67113282e36a814e476c7c8ba2332dd,Benjamin Peterson,2015-02-27 09:12:00 -0500,,extra/get_issues.py,1,1
c3ca44b46fc9e43725767af228176c20391140db,holger krekel,2015-02-27 12:27:40 +0100,,extra/get_issues.py;testing/test_capture.py,2;1,2;1
28c2327f73c0cf23b2481ae62ca5ef7a73db54fc,holger krekel,2015-02-27 09:51:53 +0100,,testing/test_conftest.py,84,85
d73e689991ec3867aee56f2efe5212a6a6e18924,holger krekel,2015-02-26 21:56:44 +0100,,testing/test_collection.py;testing/test_config.py;testing/test_conftest.py;testing/test_doctest.py;testing/test_terminal.py,2;54;89;0;3,2;2;0;3;3
c773ea664be773e554b1d76a2a5d5325909f4dcc,Phillip Cloud,2015-02-26 12:39:36 -0500,,testing/test_doctest.py,16,0
777bde7c604ad5ae70dfb25632fe621255b40b84,Marc Abramowitz,2015-02-19 03:22:05 -0800,,testing/test_pdb.py,0,2
e19f3c260f9eb9756cca83e1cc96a0fa760bad46,Marc Abramowitz,2015-02-19 03:03:56 -0800,,testing/test_doctest.py,0,8
912c8f054088aecb614429873e6d96ba374c0ec4,Dave Hunt,2015-01-29 10:52:01 +0000,,testing/test_config.py,2,5
7325a5fe2ee061c5ef48fabb1aa2c4abdf28b9a4,Dave Hunt,2015-01-23 20:09:42 +0000,,testing/test_config.py,7,0
9f4d0be895438f961de2a44853ce3529f8190387,tush home,2015-01-20 01:45:26 +0300,,testing/test_junitxml.py,15,2
5941b2e07198c7b4c29cd135e98289471ff9debf,Ronny Pfannschmidt,2015-01-09 19:55:49 +0100,,testing/python/fixture.py,23,0
883b3ca2c195d2a3dbaad85e25879a21df68ddbb,holger krekel,2014-10-30 11:38:13 +0100,,extra/setup-py.test/setup.py,11,0
f6caf230f8be2bbc7613a2f7f296340c9e2d5aa4,TomV,2014-10-27 08:31:33 +0000,,testing/test_assertrewrite.py,5,7
f2cdbe776e5fc5055251eab262d27e986fe91aeb,holger krekel,2014-10-26 10:52:04 +0100,,setup.py,1,1
60cdb875ed17f1e6ca0b189a4bc2cb12de5835f4,holger krekel,2014-10-24 15:24:44 +0200,,testing/test_pastebin.py,48,19
e0251ecb41b5b2677a00475c59063547c8c09bcf,holger krekel,2014-10-24 15:08:43 +0200,,doc/en/conf.py;setup.py,1;1,1;1
537dca477bf7ef9294b4a6466a1063c64ad2c17a,Bruno Oliveira,2014-10-22 21:52:40 -0200,614,testing/test_pastebin.py,48,19
b92892894235db13a854c210b5980f0eb8283938,Bruno Oliveira,2014-10-16 19:27:10 -0300,600,testing/test_collection.py,24,0
f8623a666822a5609382a63f122c616b56fa9456,TomV,2014-10-13 09:26:18 +0100,,testing/test_assertrewrite.py,10,0
0253f7b8d5d66e3328f685ba12bedc10315c5e24,holger krekel,2014-10-08 20:23:40 +0200,,testing/python/collect.py;testing/test_mark.py,9;5,6;3
5999368002c54db8cde3cd077e53ae36625b7b89,holger krekel,2014-10-08 20:23:40 +0200,,testing/python/collect.py;testing/test_mark.py,9;5,6;3
bf2f2dc2a64ce080244fa4abb2a7ace039af6c9b,Holger Peters,2014-10-08 15:54:08 +0200,,testing/test_doctest.py,26,0
787b0212d1e79ce4998f4ad09f45aae379c54a0c,Holger Peters,2014-10-08 15:54:08 +0200,,testing/test_doctest.py,26,0
9ca7e46a0ac57c080ed81fa817a5fc6bbc19743a,Holger Peters,2014-10-08 14:31:17 +0200,,testing/test_doctest.py,34,0
f66e0825b2508bde4a4928b70f25d826294b5ca8,Holger Peters,2014-10-08 14:31:17 +0200,,testing/test_doctest.py,34,0
ab005a4261927acbe96e2d76d5e0f6864cb51bd0,Floris Bruynooghe,2014-10-08 00:11:32 +0100,,testing/python/integration.py,54,1
1ed1ef3c717ac6baa70492aa2c5dfd227c9f5d29,holger krekel,2014-10-07 11:14:57 +0200,,setup.py,1,1
e1aed27c1584a3497ff7d7cb97266ebb8f454fff,Anatoly Bubenkov,2014-10-07 01:01:21 +0200,604,testing/test_assertrewrite.py,12,0
a759da0208f1e99e12e5217a5f563f6fce2dd8b9,Anatoly Bubenkov,2014-10-07 01:01:21 +0200,604,testing/test_assertrewrite.py,12,0
8cfec56a82749be52bc76c58121e132c751e99a8,holger krekel,2014-10-06 13:37:57 +0200,,bench/bench.py;testing/test_collection.py;testing/test_pytester.py,1;8;2,1;8;23
818a412d2931e777bcf07814f595afa8fd7dd2a0,holger krekel,2014-10-06 13:37:57 +0200,,bench/bench.py;testing/test_collection.py;testing/test_pytester.py,1;8;2,1;8;23
39158957f4b31da51c42dd131bb95f712a5eaeec,holger krekel,2014-10-06 12:11:48 +0200,,testing/test_mark.py,4,3
2cb0145bce57a6712bce7c4b5ba29d42a7f32f06,holger krekel,2014-10-06 12:11:48 +0200,,testing/test_mark.py,4,3
63f070317c0d6985a0de75faf8a933ea44057eaa,holger krekel,2014-10-04 15:49:31 +0200,,testing/test_pytester.py,3,3
3d84f35850b8844476bfd9cf353acdf624ef6a9c,holger krekel,2014-10-04 15:49:31 +0200,,testing/test_pytester.py,3,3
2161b5455533eb420993430bcb8f232b8fceccc2,holger krekel,2014-10-02 15:25:42 +0200,,testing/test_helpconfig.py,1,14
69ff29bf4404599a54498cd21568aca2e047edf3,holger krekel,2014-10-02 15:25:42 +0200,,testing/test_helpconfig.py,1,14
351931d5cadb52fcef197d018b527c4d6a3644fa,holger krekel,2014-10-01 12:20:11 +0200,,testing/test_helpconfig.py;testing/test_pytester.py,1;27,1;16
28c785a0d1afbe9197477c0c409f8e000943693e,holger krekel,2014-10-01 12:20:11 +0200,,testing/test_helpconfig.py;testing/test_pytester.py,1;27,1;16
72e6f55b4586cebab49b0de8d1ab29e25ad94a5b,Anatoly Bubenkov,2014-09-27 01:29:47 +0000,,testing/test_assertion.py,45,0
9a0f2a9fb798c1de56ac72908e09c9eff75f9244,Anatoly Bubenkov,2014-09-27 01:29:47 +0000,,testing/test_assertion.py,45,0
49b72375811d1a220df4130033aa506562a3bfe5,holger krekel,2014-09-24 16:27:34 +0200,,setup.py,1,1
b57545bd21ff6bf30651de1146b8a355a1486c54,holger krekel,2014-09-24 14:59:55 +0200,,doc/en/conf.py,1,1
2eef674615f2c243af63418d4cd2316700212f58,holger krekel,2014-09-24 14:46:56 +0200,,setup.py,2,2
62b8712ca9d8d1b01df1d1a505de7597a9cfb530,Floris Bruynooghe,2014-09-23 23:55:26 +0100,,testing/test_skipping.py,20,0
35eec99d41777282785666b4190c97518c9bf458,David Szotten,2014-09-22 13:56:07 +0100,,testing/test_capture.py,2,0
bc4eecbbac030b585ae2d3847df05426aed0bc33,David Szotten,2014-09-22 12:19:27 +0100,,testing/test_capture.py,12,0
1408c9f0774af2131b8e854b353c724fd02a8d32,Wolfgang Schnerring,2014-09-18 14:58:42 +0200,,testing/test_pdb.py,18,0
418607846a37c2dd7cfce84c1795630ad402a89f,Bruno Oliveira,2014-09-15 22:04:46 -0300,,testing/test_junitxml.py,2,2
b6dcfd43776003bee3ad3515d5a1970a90a6035e,holger krekel,2014-09-15 12:44:16 +0200,,setup.py;testing/python/fixture.py,1;34,1;0
1a80487e7164533af5e4b70d8f73edf098e22b36,holger krekel,2014-09-14 17:24:27 +0200,,setup.py,1,1
7d9d502a0137a5f1de3405ce1c631a82ae614a2c,Floris Bruynooghe,2014-09-05 23:55:14 +0100,,testing/test_capture.py,6,6
09a44f4cac2e54c6dfd658205c3e0ba3127aa95e,holger krekel,2014-09-05 15:34:01 +0200,,setup.py,1,1
7dad3cb1577faa1e3f85d7acedf2261ea02aeaf4,holger krekel,2014-09-05 13:13:23 +0200,,doc/en/conf.py;setup.py,1;2,1;2
745737e337f0d647231400580a2c2fa15fa905c5,holger krekel,2014-09-05 09:50:40 +0200,,doc/en/example/multipython.py,1,1
d4cd1aad8e37976073abd9740e267cab292c6fc7,Benjamin Peterson,2014-09-01 16:51:27 -0400,,testing/test_assertrewrite.py,2,2
39a297afe64982290d0ebdc7be218f1734e1c3cf,Floris Bruynooghe,2014-08-30 21:57:01 +0100,,testing/test_runner.py,1,0
7760cf18814dd73e77f7c83463e165a268a1c7d3,Floris Bruynooghe,2014-08-23 19:01:26 +0200,,doc/en/example/assertion/test_failures.py,1,1
37bd1e03cb77a26ae80873a8725c87d57fda987c,Floris Bruynooghe,2014-08-23 18:14:25 +0200,,doc/en/example/assertion/failure_demo.py;testing/test_assertion.py;testing/test_assertrewrite.py,24;79;50,0;1;1
d1bde69c1e7505b1074f4fbd5591ac31e24dbeaa,uweschmitt,2014-08-19 12:57:37 +0200,,testing/test_capture.py,10,0
424479cf0f8bb84b97596347a120307bead40916,Floris Bruynooghe,2014-08-18 20:07:38 +0200,,testing/test_assertrewrite.py,11,0
98dcd764bcd34718bfc6f2084a7b44a790339f89,Floris Bruynooghe,2014-08-14 23:23:04 +0100,,setup.py;testing/test_runner.py,1;10,1;1
e98f77037e794bf805b4dcea2a2726c503c087a9,holger krekel,2014-08-08 15:20:37 +0200,,setup.py,1,1
672e42e558cb47b37d4a8c7fb47105e4efad7142,holger krekel,2014-08-07 23:05:02 +0200,,doc/en/conf.py,2,2
e5eaf02e19116192693f563b41878cf89ad218ed,holger krekel,2014-08-07 21:41:51 +0200,,doc/en/example/xfail_demo.py;setup.py,1;1,1;1
1d7b574b31bc108ff1d49f4496cd96727c855e5e,holger krekel,2014-08-07 11:05:42 +0200,,setup.py;testing/test_capture.py,1;10,1;0
fd4485a5407564cc2900e47405d0d665db499988,Bruno Oliveira,2014-08-02 18:01:28 -0300,437;301,testing/test_assertrewrite.py,22,0
97b671057d119709ab5baf69fe4aae6b8bd6a5f1,holger krekel,2014-08-01 10:12:53 +0200,,setup.py,1,1
d6fc489b2bb52fd021bdf6f0513c78bb8d9287e1,holger krekel,2014-08-01 08:13:44 +0200,,testing/test_capture.py,2,0
4e8438afc83f2fe6dce4d95e3e131b16eac03235,Floris Bruynooghe,2014-08-01 00:29:35 +0100,,testing/python/fixture.py;testing/test_conftest.py;testing/test_parseopt.py;testing/test_terminal.py,28;1;0;9,28;1;15;9
b1f8038abfb6203d4bf08cefff56cf5c81b2c87f,Bruno Oliveira,2014-07-31 19:52:08 -0300,,testing/test_capture.py,0,2
0d17dc1e194494c485ec399a9196f4ff8636cd82,holger krekel,2014-07-28 13:56:10 +0200,,testing/test_parseopt.py,6,4
12656124651cdd66343c5c2582bf910e5798cf07,holger krekel,2014-07-28 13:17:37 +0200,,testing/test_capture.py,3,2
40eed363e8c0b699d71509ec4cd8ebfb05af954d,holger krekel,2014-07-28 12:07:15 +0200,,testing/test_parseopt.py,11,2
5ccd3f2fc51adc022196fcbf0765a0bc78efe3c8,holger krekel,2014-07-28 11:48:37 +0200,,testing/test_conftest.py,18,0
c2ed29070a39668e54b6b0939d87e2a1b772b9ff,holger krekel,2014-07-28 09:59:22 +0200,,setup.py,1,1
d08c4ce0ad59dd8a3c428d22477391807b783509,david@mcbf.net,2014-07-26 18:24:55 +0200,,doc/en/example/xfail_demo.py,1,1
309e3d38a0f45253413a5a803b5e090b6e2f0079,david@mcbf.net,2014-07-26 18:19:27 +0200,,testing/test_skipping.py,7,9
91e2b232588c5ff1c3dea550b9649df523e66728,david@mcbf.net,2014-07-26 18:10:32 +0200,,doc/en/example/xfail_demo.py,5,0
6a4492a22dac45fd7e3cb1c7adc987328bfc662e,david@mcbf.net,2014-07-26 17:46:50 +0200,,testing/test_skipping.py,13,38
0dd378da307adef2af5902e8cb5fade2ea0f45ec,Nicolas Delaby,2014-07-26 17:26:18 +0200,182,testing/python/integration.py,20,0
7b273b8577f4d13338721bad3dfbee109e89cb15,david@mcbf.net,2014-07-26 15:11:05 +0200,,testing/test_skipping.py,48,2
2d7a32f7eab5ffac1b9678007ab693c6054ca03c,Floris Bruynooghe,2014-07-18 01:30:29 +0100,,testing/python/fixture.py,29,0
06acbb9f5e23c01b6359eb612484be97cbe7b237,holger krekel,2014-07-17 17:22:44 +0200,,doc/en/conf.py,2,2
98de64badcab467fe41156ba5f4b133cfc2cbe47,holger krekel,2014-07-17 16:55:24 +0200,,doc/en/conf.py,1,1
ff2c18fedbfb3e165b1acc36fec84bd2afe29f76,holger krekel,2014-07-17 16:38:54 +0200,,setup.py,1,1
bf64a800d6c8140b033540c2e73ecf7dab7b1df9,holger krekel,2014-07-17 10:55:52 +0200,,setup.py,2,2
8c508612ec72a073026e59b48656c715e4557c60,holger krekel,2014-07-14 09:17:04 +0200,,testing/test_doctest.py,2,0
07e76cbef21522dbed9b83e78ae46f43d97ca62a,holger krekel,2014-06-29 13:32:53 +0200,,setup.py;testing/python/collect.py;testing/test_assertion.py;testing/test_terminal.py,2;1;20;3,2;1;1;3
c8264385eabc1c6d3ff85d63f7da1ab5ff3e4d7d,christian@christian-linux.sarrazin.local,2014-06-27 17:42:37 +0200,174,testing/test_config.py,15,0
54c88a6cf3d6b4dbb78102a4114a0348dcfdcd5b,holger krekel,2014-06-16 11:27:32 +0200,,testing/test_assertion.py;testing/test_capture.py;testing/test_config.py,0;2;2,1;19;2
115f15600f4db42e27b603233b2d3af3a4867b9a,Floris Bruynooghe,2014-06-15 19:57:52 +0100,,testing/python/fixture.py,24,0
52eafdc21e033d6a24d9a290a63397f6f5d6ea41,holger krekel,2014-06-01 12:36:31 +0200,,doc/en/conf.py,1,1
85c0d5481b464c0be2bba45ed216aee4c1302f89,holger krekel,2014-06-01 12:01:40 +0200,,doc/en/conf.py,1,1
fd9055fd116f5c36247a8e913f0f132e361072e6,Benjamin Peterson,2014-05-31 14:51:05 -0700,,testing/test_assertion.py,1,1
d6281b4206830704b8fc761e00c4e5968637ac1c,holger krekel,2014-05-14 07:36:31 +0200,,testing/test_config.py,9,0
8f9a88ef7a299716bdec01f9df75c6f6c854c971,Jurko Gospodnetić,2014-05-13 19:03:17 +0200,,setup.py,1,1
c64af0d9ced5bd5f42d83864d11d8ccf32986490,Jurko Gospodnetić,2014-05-13 19:02:02 +0200,,setup.py,31,29
24744cf5cf696da777ea009534eee7785887be7b,Marc Abramowitz,2014-05-09 23:40:06 -0700,,setup.py,2,1
0567a8ee77798787f9aaa68db31894c000eb0406,WooParadog,2014-04-24 10:45:39 +0800,,testing/test_junitxml.py,2,0
4e35c00ab005da542e91a488da58fa3638618168,Brianna Laugher,2014-04-17 15:08:49 -0400,,testing/python/metafunc.py,46,0
c46e2cbbc74caacfb04334d04dde5eb524bc24d6,Floris Bruynooghe,2014-04-15 22:22:41 -0400,,testing/python/fixture.py,19,0
faba43299686acf990da3226c81c8398b177d3c7,Floris Bruynooghe,2014-04-14 18:09:10 -0400,,testing/python/raises.py,7,0
2ba23e8d089b9262ffabb39db51d11da4d2e9eed,Andy Freeland,2014-04-14 17:42:02 -0400,,testing/python/fixture.py;testing/test_parseopt.py;testing/test_terminal.py;testing/test_unittest.py,30;4;9;2,30;0;9;2
15af7e16621254194b0a2a1a1097c6888cd5062d,holger krekel,2014-04-10 13:37:39 +0200,,testing/python/integration.py,4,1
e42cbc714f237ccfcf796b535e905cfdb7299d98,holger krekel,2014-04-10 12:58:10 +0200,,testing/python/integration.py,2,2
494be731e30af59a8206f6c693e47a130bfad03d,holger krekel,2014-04-10 12:46:27 +0200,,testing/python/integration.py,51,4
f91049cec9ef3edbcd0d246d5bb759a17d45b99e,holger krekel,2014-04-08 12:50:13 +0200,,testing/python/integration.py,15,0
ef7cb47b1efac13a38859c39cff89c518be4045b,holger krekel,2014-04-07 13:29:57 +0200,,testing/python/fixture.py,29,0
28aa4c891e91c1de1e398e92680f84ee910d2bea,holger krekel,2014-04-03 22:27:04 +0200,,setup.py,1,1
0365e5c3a0cf62cdf9328131ea05f7557f969d9e,holger krekel,2014-04-02 22:30:45 +0200,,testing/test_config.py;testing/test_conftest.py,8;22,36;48
e6859406f129c2579cf99147f1464e7fdeb4dfa5,holger krekel,2014-04-02 20:49:57 +0200,,testing/test_capture.py,1,1
51cff6f1069740432b7aa850c55deec6becf6e20,holger krekel,2014-04-02 20:42:41 +0200,,testing/acceptance_test.py,12,0
68e58e1493e2e5f9e9fb78c2ccf9e05df8432eb7,holger krekel,2014-04-02 20:29:10 +0200,,testing/test_capture.py,18,0
2c0f6207e93a9cdd41b2ebc7bfbec8d259ce1009,Marc Abramowitz,2014-04-02 09:48:08 -0700,,testing/test_capture.py,2,2
adb12d0d4f807ca72e389b773c30a766b9d5f4dd,Floris Bruynooghe,2014-04-02 17:35:22 +0100,,testing/test_assertion.py,16,0
02d94e69f021f938ba21ee36f5c93176f473396e,Marc Abramowitz,2014-04-02 09:14:16 -0700,,testing/test_capture.py,0,1
36288c51341267b2b506e0a2bbdbf20f52a6b2c4,holger krekel,2014-04-02 12:48:35 +0200,,setup.py,1,1
0c04b449196bca5bd9ea565b17e118845824f6e3,holger krekel,2014-04-02 12:32:21 +0200,,testing/test_capture.py,5,7
3bca62e9e44e4b5384890974ad514a60b633a556,holger krekel,2014-04-02 11:29:23 +0200,,testing/test_config.py;testing/test_conftest.py,1;39,1;28
ce8678e6d5a3047998e21d76a59e2dc40867744c,holger krekel,2014-04-01 14:32:12 +0200,,testing/test_capture.py;testing/test_pdb.py,26;20,51;0
2e1f6c85f6a9ef4efe9fe55fcd1ebaa36dbeb57c,holger krekel,2014-04-01 14:19:58 +0200,,testing/acceptance_test.py,6,0
ca5e6830c642204ddef278e20bfc47531310238f,holger krekel,2014-04-01 14:19:55 +0200,,testing/test_capture.py,32,6
69cbac8fb51ef1133e173bc8692f9f6a83a852f5,holger krekel,2014-04-01 14:19:52 +0200,,testing/test_capture.py,23,4
7301981f32e32417a5f808598ec128f1a34f8d14,Marc Abramowitz,2014-03-31 08:25:35 -0700,,testing/test_capture.py,3,2
555ba4159dc655ed7626c928167189ac010dcf99,Marc Abramowitz,2014-03-28 12:11:33 -0700,,testing/test_assertrewrite.py,6,6
f47ae749817df967e1ba2c07e67eda49ae328077,Marc Abramowitz,2014-03-28 09:44:18 -0700,,testing/test_assertrewrite.py,15,14
9d716a39d672b98e1b40c92004eb3ac46dbed1df,holger krekel,2014-03-28 11:27:02 +0100,,testing/test_capture.py,12,17
923dcfd620f90934204fb1502b85b9b4fef2acf6,holger krekel,2014-03-28 09:46:38 +0100,,testing/test_capture.py,9,8
17d7c6073500a15fcb4fd2670ab831944357df9a,Marc Abramowitz,2014-03-28 01:03:52 -0700,,testing/test_assertrewrite.py,3,13
81f822d528ccfa7e003c70605c50e65331941bef,Marc Abramowitz,2014-03-28 00:33:12 -0700,,testing/test_assertrewrite.py,16,0
0b340aa1f698e96c1f1285f7dbae0155513c6913,holger krekel,2014-03-28 07:55:07 +0100,,testing/test_capture.py,62,79
a8f4f49a82e6c8d1685a5bff6fdb0f74a82e1657,holger krekel,2014-03-28 07:11:25 +0100,,testing/test_capture.py,54,39
e18c3ed494921d64ff85a5554b5b4123c9c84933,holger krekel,2014-03-28 07:03:37 +0100,,testing/test_capture.py,24,35
2263fcf6b7c97346cfc9ee1b38693fe7bd1d93f4,holger krekel,2014-03-28 07:03:34 +0100,,testing/test_capture.py,3,25
2b2c1e5b7bd53ceee8506e956b4d64afb07f868c,Ronny Pfannschmidt,2014-03-27 14:01:38 +0100,,testing/test_capture.py,1,1
b18040337a0cc9c26b0eefe6c0ac115b9a7a5dbe,Ronny Pfannschmidt,2014-03-27 13:53:59 +0100,,testing/test_capture.py,18,0
bb0632c7ada7a284bd1ce9fc2eeb3d6d77d6abe4,holger krekel,2014-03-26 19:37:49 +0100,,testing/python/integration.py,2,1
77e1f93ca11c7bc886ba4956187b24b7380e655c,schlamar,2014-03-14 14:25:36 +0100,,testing/python/collect.py,1,1
94b1ce65c636d59511d1f6d457cc39459c6d4856,schlamar,2014-03-14 14:04:54 +0100,,testing/test_nose.py,15,1
9777703e0355dd4f068147519e7a4bceff1eded8,holger krekel,2014-03-14 12:49:36 +0100,,bench/bench.py;testing/test_capture.py,2;27,2;23
b47fdbe0a73666e65fa66df72c0ee0ce48c9dd03,holger krekel,2014-03-14 12:49:34 +0100,,testing/test_capture.py;testing/test_junitxml.py,2;3,2;1
cfd43a9b0232826f7cb4c3002564a39e8708cb2d,holger krekel,2014-03-14 08:15:38 +0100,,setup.py,1,1
ebd10aa6b4edf7ddf1a059df864e4b5092cacafe,holger krekel,2014-03-11 22:10:51 +0100,,testing/test_parseopt.py,0,10
24db492f53a7391c2bbc660adb0c44f072dfca58,holger krekel,2014-03-11 22:10:18 +0100,,testing/python/collect.py,18,7
1b387bea623d442341e83c0a8b1c0427022d2d8e,holger krekel,2014-03-11 22:10:17 +0100,,testing/test_config.py,39,0
3388d82c1c330422ffad0198f3995b482c187d07,Chris Gilling,2014-03-03 10:36:59 -0800,,testing/python/integration.py,3,0
1830de2c136fb4cb6b07d53bec7fefa065bd8c2f,holger krekel,2014-01-29 13:56:24 +0100,,testing/test_capture.py,1,1
25ab906b8bd1352360c6e13cb04adb303a910a51,holger krekel,2014-01-29 13:47:11 +0100,,doc/en/conf.py;setup.py;testing/test_capture.py,2;1;1,2;1;0
8a3b4b9c37b17c47b0b88ca2d0c6deead54f64c2,holger krekel,2014-01-29 13:11:40 +0100,,setup.py;testing/test_assertrewrite.py,1;2,1;2
2b8a54d5d97b52f0ddc8be6d381a74c550705f06,holger krekel,2014-01-29 11:46:36 +0100,,testing/acceptance_test.py;testing/test_tmpdir.py,2;3,1;1
4eabfed651ab442f6d8bcfe399ae0eda97e5149a,holger krekel,2014-01-29 11:18:15 +0100,,testing/test_capture.py,18,13
505a34bb857675d8c6e5f73fee110a2cf6c151e9,holger krekel,2014-01-29 10:20:13 +0100,,testing/test_assertrewrite.py;testing/test_nose.py;testing/test_pytester.py;testing/test_session.py;testing/test_tmpdir.py,1;1;0;1;1,1;1;1;1;1
825ea9bfa1784da8444e7d89b84dd3e083730707,Floris Bruynooghe,2014-01-29 00:42:58 +0000,,testing/test_assertion.py,13,0
86284689a34762f0807ffb53e878bde7da3b819a,holger krekel,2014-01-27 12:53:44 +0100,,testing/python/fixture.py,1,0
4622c28ffdd10ff3b3e7c9d4c59ab7c0d1284cc3,holger krekel,2014-01-26 12:44:21 +0100,,testing/test_runner.py,0,14
6f385fb4ea1cd9aabc184c0fa0c8fb1761564e47,holger krekel,2014-01-25 19:56:27 +0100,,testing/test_capture.py,0,9
18e12cbd670c1e33e66063fb6bb2c6508e8727f6,holger krekel,2014-01-25 19:43:57 +0100,,testing/test_capture.py,0,31
3cf4e133cc36968dbdad8ce57a82e9f72b142967,holger krekel,2014-01-25 19:42:45 +0100,,testing/test_capture.py,17,34
177637bfb91f2e586f43d812c428783fdc877273,Ronny Pfannschmidt,2014-01-24 21:22:19 +0100,,testing/test_capture.py,554,10
400b51caf65c54e8d72ce60f929124add30c4fd1,holger krekel,2014-01-22 22:18:33 +0100,,testing/test_capture.py,2,2
9aaf0fd340054004a33bf03eedfb8a8bcb60bd52,holger krekel,2014-01-22 22:15:40 +0100,,testing/test_capture.py,10,545
ac2f2b1deb8cc416ff0cd45efb2419104df77b12,Ronny Pfannschmidt,2014-01-22 21:50:07 +0100,,testing/test_capture.py,2,0
0be961a0f35a9fc1694d56242a62988f0fbfc6c2,Ronny Pfannschmidt,2014-01-22 21:46:35 +0100,,testing/test_capture.py,40,44
3cc58c2f78f07f71a52e050b4e189b20ffacd4a7,Ronny Pfannschmidt,2014-01-22 19:32:23 +0100,,testing/test_capture.py,100,68
0ac94134f53bcd798eb15264ce506d96939560ea,Ronny Pfannschmidt,2014-01-22 19:04:38 +0100,,testing/test_capture.py,507,2
c142f2551dd3395326b441687596ae57a906a2d3,Ronny Pfannschmidt,2014-01-22 18:07:54 +0100,,testing/test_capture.py,23,0
cccfaa81fb677026d45fea640b1a2a1126f29cb9,holger krekel,2014-01-22 17:48:56 +0100,,setup.py,1,1
fe4cdd8a90a601cf0ccb33320d04d5a90c8a15f8,Andreas Pelme,2014-01-22 14:32:22 +0100,,testing/test_assertrewrite.py,7,0
54a143e6a8536413c7a27a4b1852c494e78b1a8e,Jurko Gospodnetić,2014-01-22 14:16:39 +0100,,testing/test_mark.py,22,0
e12fe64b54253f6a19dd98e631e560e8d2bfe6de,Floris Bruynooghe,2014-01-22 11:27:15 +0100,,testing/test_terminal.py,3,2
8e457338ee5053a60cab49d4172fab75d0ed941b,Jurko Gospodnetić,2014-01-20 01:27:33 +0100,,testing/test_mark.py,11,0
657a3958399539c4fe35b8912343ee27a51a1f0f,Jurko Gospodnetić,2014-01-18 12:39:16 +0100,,testing/test_config.py,1,1
9fb2079458d39921913d3c8975f1ccc9ad914d88,Jurko Gospodnetić,2014-01-18 12:31:33 +0100,,bench/bench.py;doc/en/example/assertion/failure_demo.py;doc/en/example/multipython.py;setup.py;testing/test_config.py;testing/test_helpconfig.py;testing/test_nose.py;testing/test_pytester.py;testing/test_recwarn.py;testing/test_runner.py;testing/test_session.py;testing/test_tmpdir.py,2;1;3;1;2;1;2;1;7;18;2;3,2;1;2;1;2;1;2;1;7;18;2;3
83620ced2e847c0de721b0e78092bcd0677c9c4e,Jurko Gospodnetić,2014-01-18 10:40:20 +0100,,testing/acceptance_test.py,2,2
99277be25fdcff387098983b7a29b6fb792b8d73,Lukasz Balcerzak,2013-12-19 14:29:57 +0100,,testing/test_mark.py,4,0
699892bd035b756740c08c5af1bb933c1983b4f5,holger krekel,2013-12-18 14:56:45 +0100,,setup.py,1,1
fcb1749f10eca92cde2863b1c9bd4fa650e74f38,holger krekel,2013-12-17 11:24:58 +0100,,doc/en/conf.py,3,3
6b2040f98d45956c8a05ca73902c9f434b136049,holger krekel,2013-12-17 08:30:35 +0100,,doc/en/conf.py,2,2
5a13f31bce4f594b05bf67af84689ff8a3b15e6d,holger krekel,2013-12-16 18:07:05 +0100,,setup.py,1,1
41bddb48a1a6199e129eef0e54595899d9e138a2,holger krekel,2013-12-16 12:38:15 +0100,,testing/python/metafunc.py,1,1
fd8638652d14c3ef4011aad5af1ae64890280d9d,Floris Bruynooghe,2013-12-16 10:51:04 +0000,,testing/test_junitxml.py,1,1
b4797d62956a1e9ac04d30d88c940f52c9f5eb42,holger krekel,2013-12-16 07:47:59 +0100,,testing/python/metafunc.py,16,0
0c737e3de0fa5f68f6f1a3300ce4ebad55bf45e7,Floris Bruynooghe,2013-12-15 22:15:15 +0000,,testing/python/fixture.py,34,0
1b7c70eab49a56240a7e5a43cb3c5f3f850211a3,Floris Bruynooghe,2013-12-15 22:12:38 +0000,,testing/test_junitxml.py,1,1
e843b028e654567af7171dc85a87d8dfda21fe23,Ronny Pfannschmidt,2013-12-13 10:28:23 +0100,,testing/test_junitxml.py,13,1
afba6ce907287f495fea05c01caa2b3d51b3cdbf,Tobias Bieniek,2013-12-12 19:36:07 +0100,,doc/en/conf.py,3,1
00b00ff93175fce9b461a7965b43dd148648421b,Tobias Bieniek,2013-12-12 19:22:37 +0100,,doc/en/conf.py,2,1
542b87fed3917a5d10778ae4bc9055e539e3538e,Tobias Bieniek,2013-12-12 18:58:16 +0100,,doc/en/conf.py,1,0
25a45f6bf7993b7aa9debe5f6c3eb7a1530d7b23,Tobias Bieniek,2013-12-12 18:43:35 +0100,,doc/en/conf.py,1,0
b4842b20f678055ee75d958e4402fe29af86ded6,Tobias Bieniek,2013-12-12 18:37:32 +0100,,doc/en/conf.py,14,0
e14e966da953bf6b73f71264b034069382e3da6f,Tobias Bieniek,2013-12-12 18:08:56 +0100,,doc/en/conf.py,4,1
ebe0c34a02ffa0ce507bb691ba03ea07989d9e2e,Tobias Bieniek,2013-12-12 18:08:36 +0100,,doc/en/_themes/flask_theme_support.py,86,0
0a4d5a423e14e2d927ebc95e1069d091b63986f2,holger krekel,2013-12-12 13:06:25 +0100,,doc/en/conf.py,2,2
1644cd2da5f218b184e4e69c56ff397a8d6c1464,holger krekel,2013-12-12 07:30:34 +0100,,setup.py,1,1
98135a3d30a9adeb974cf4335dab2e4cde5043c7,holger krekel,2013-12-12 06:55:05 +0100,,testing/test_terminal.py,0,1
307a41339cce8e7a90487bc20f778f2b66741b3c,holger krekel,2013-12-12 06:41:48 +0100,,testing/test_assertion.py,13,0
bfa53811d39f3280be1e0a9d04872550e2defed9,holger krekel,2013-12-11 12:20:19 +0100,,setup.py,1,1
7b87f7b6b518f56e289dc8d517db1b47e0b09e97,Anatoly Bubenkov,2013-12-10 14:27:29 +0100,,testing/python/collect.py,18,0
77665269927b6c330bf1534b5ce49cd103949dfd,holger krekel,2013-12-09 10:48:15 +0100,,testing/python/fixture.py,28,0
a4466342aede289875fbd0bbb40b510705887847,holger krekel,2013-12-09 08:14:58 +0100,,bench/bench.py;bench/manyparam.py,3;12,1;0
66ffc5e0f8330d189e4113437e87c372ab6c7003,holger krekel,2013-12-09 07:07:47 +0100,,testing/python/integration.py,0,13
0278dc9b6fb9600b671e4fdb4845554e13885050,Marc Abramowitz,2013-12-08 11:39:55 -0800,,testing/test_terminal.py,2,2
60f5b15f2033939719a0dd39df3de2c779bd4206,Marc Abramowitz,2013-12-07 12:04:23 -0800,,testing/test_terminal.py,1,1
10edfa65dcba82b5f4f9af55c467c2bc33e52683,holger krekel,2013-12-07 20:55:17 +0100,,testing/python/fixture.py;testing/python/metafunc.py,28;2,0;0
daec4c70b85bd277ff9f1422034d977682e9ade0,holger krekel,2013-12-07 19:31:27 +0100,,testing/python/metafunc.py,1,1
dbfbc2b222fe90ca71aa38d427fb14da09def6c4,holger krekel,2013-12-07 19:11:37 +0100,,bench/bench.py;bench/skip.py,2;10,2;0
426907eafbba7738cf33374a33c3c7aed67dadce,holger krekel,2013-12-07 16:39:53 +0100,,testing/python/collect.py,2,14
4f0879ff9b3e7ad0da1839131c35b4e6412b972f,holger krekel,2013-12-07 16:37:46 +0100,,testing/python/collect.py;testing/python/fixture.py;testing/python/metafunc.py,1;15;2,1;16;2
bec6ee5c29f0dd6aedf943629d71b323ea97440a,Marc Abramowitz,2013-12-06 11:58:04 -0800,,testing/test_terminal.py,2,2
23fa4cec610b12f494eb74218e48a68457bf0462,Marc Abramowitz,2013-12-06 11:49:48 -0800,,testing/test_terminal.py,13,0
cb485e5af45f2d0e6d8290da187a02b03a01c412,holger krekel,2013-12-04 16:09:37 +0100,246,testing/python/fixture.py,6,2
817b175870a07e87c0823c6e68e58233aedbd029,holger krekel,2013-12-04 07:16:34 +0100,,testing/python/integration.py,13,0
0cfd873abe37a47cf376422b7c50f8507e8cb5e9,Anatoly Bubenkov,2013-12-03 21:05:19 +0100,,testing/python/collect.py,29,0
d30ad3f5cee664f75cae0a134a75a55cde3a0354,holger krekel,2013-12-03 11:23:22 +0100,,testing/python/integration.py,4,0
5dbf4fc0c25889ff82dd3f4e541f6a86cba7a09e,holger krekel,2013-12-03 09:40:40 +0100,,testing/test_runner.py,3,1
e3a945a0b55d882f32359c4bfc37e6d09ce44017,Floris Bruynooghe,2013-11-29 00:29:14 +0000,,testing/test_assertion.py,10,0
c0dd7c5975fda0265b18026afefbf14f0087203d,holger krekel,2013-11-22 15:35:20 +0100,,testing/test_doctest.py,20,0
08f3a0791d0aa4f5288079b801a7e1ac86413e05,holger krekel,2013-11-21 15:25:16 +0100,,testing/test_mark.py,23,1
2700a94d4940057e94ab76747a5a4986ade88726,holger krekel,2013-11-21 14:40:14 +0100,,testing/test_capture.py;testing/test_config.py;testing/test_conftest.py;testing/test_mark.py;testing/test_unittest.py,3;1;1;3;2,3;1;1;3;2
e31f40c2d0d827cbbf7690d47128d41ee85d5962,holger krekel,2013-11-21 14:16:44 +0100,,testing/python/fixture.py,8,11
fc073cb81cdb7c6705c35c7136e96767900e65c8,holger krekel,2013-11-21 13:53:04 +0100,,testing/test_runner.py,2,2
49119e31bf603ed3d2e1f4e82dfcc6b94c3cc29b,holger krekel,2013-11-21 12:31:22 +0100,,testing/test_runner.py,2,0
bb5f1e8173bb729fb2770225eeacffd5acc13629,holger krekel,2013-11-21 12:21:52 +0100,,testing/python/fixture.py,15,1
05fbd490da2a3a9110c01ec0643c3a5aab713875,holger krekel,2013-11-21 09:42:24 +0100,,testing/python/fixture.py,33,1
5322f057a05252457b4f47ffdc3fa0538fa9ca7e,holger krekel,2013-11-21 09:26:45 +0100,,testing/python/fixture.py,55,1
6686c67a411dad3ad646d271265332d094f1980a,Floris Bruynooghe,2013-11-21 01:15:24 +0000,,testing/test_runner.py,13,0
73f36fc8b76e24d6ea09700cd72dd7a309aae6fa,holger krekel,2013-11-20 21:04:19 +0100,,extra/get_issues.py,2,1
0a8b27ff4935fc727f1b858a8df5d3696cb9c326,holger krekel,2013-11-19 23:22:27 +0100,,testing/python/integration.py,37,0
72752165df96f509edb8e6b7cd1517ec20332adf,Floris Bruynooghe,2013-11-19 17:26:18 +0000,,testing/test_runner.py,15,0
31576fac61cd1ed0b943d1d86ac559055005bb72,holger krekel,2013-11-19 14:19:29 +0100,,testing/test_resultlog.py,20,0
82846777a792ba1bcef787bab6fad0b7dd62a39e,Ronny Pfannschmidt,2013-11-19 12:21:47 +0100,,testing/test_unittest.py,2,2
7f49e0fddc2d1ef683fe45df5d1bc05db6d2eae8,holger krekel,2013-11-19 11:18:51 +0100,,testing/test_assertrewrite.py,2,1
eda8b02a8dad317b506c8703bc5b0c7dd25e4031,Ronny Pfannschmidt,2013-11-19 10:58:24 +0100,,testing/test_unittest.py,33,4
1fd1617427ea370994f0eedf448d38d981d3d9f8,holger krekel,2013-11-19 10:10:27 +0100,,testing/test_pdb.py,7,5
97252a8b66dddae845d23bdff80625c6a8d270bb,holger krekel,2013-11-19 09:20:50 +0100,,extra/get_issues.py,1,1
4a1cc792c9b6db1622f97c18a69c5f90c1aadef0,holger krekel,2013-11-18 21:31:32 +0100,,extra/get_issues.py,73,0
e118682db13ba5d9dfaf92d7f97c705df18f9b73,Virgil Dupras,2013-11-15 14:03:57 -0500,383,testing/acceptance_test.py,18,0
ba5d4ae42f3f91eed0bcfb37518ee25f96c4662a,Anatoly Bubenkov,2013-11-12 13:52:16 +0100,,testing/test_argcomplete.py,2,2
d18124f5edd6797099bc6788eff7549c6dc59da8,Anatoly Bubenkov,2013-11-12 13:48:17 +0100,,testing/test_monkeypatch.py,2,2
846cf781a13ba3a98c7e3c64c18f5d0386846884,Anatoly Bubenkov,2013-11-12 13:45:36 +0100,,testing/test_conftest.py,37,0
7210e443eed18ee51308664abc13434f3ac8ebe7,James Lan,2013-11-01 21:10:13 -0700,,testing/python/collect.py,15,0
9dec27371d6efb4f33b15b8c8f1a0eb54e3094db,holger krekel,2013-10-24 15:08:50 +0200,,setup.py,1,1
75328b66e636e4427e04302760559eebbf10c13f,holger krekel,2013-10-22 11:26:29 +0200,,testing/test_junitxml.py,4,3
cf9d34538266de8c55d49f8b391850d746b41426,holger krekel,2013-10-21 16:54:25 +0200,,setup.py;testing/test_junitxml.py,1;25,1;2
0d8392bc45c812c7fe90ab38792238ac7a2af3c9,holger krekel,2013-10-21 14:01:02 +0200,,testing/test_monkeypatch.py,6,0
bc8c4b3ebd83e31dbc84c86541bf42a8e6f48120,holger krekel,2013-10-21 13:33:36 +0200,,testing/python/integration.py,4,0
8ac5af289666e023aa4189fb62d28d406b9e6bb6,holger krekel,2013-10-12 15:39:22 +0200,,testing/acceptance_test.py;testing/python/collect.py;testing/python/fixture.py;testing/python/integration.py;testing/python/metafunc.py;testing/python/raises.py;testing/test_assertion.py;testing/test_assertrewrite.py;testing/test_collection.py;testing/test_config.py;testing/test_conftest.py;testing/test_doctest.py;testing/test_helpconfig.py;testing/test_junitxml.py;testing/test_mark.py;testing/test_nose.py;testing/test_parseopt.py;testing/test_pastebin.py;testing/test_pdb.py;testing/test_pytester.py;testing/test_runner.py;testing/test_session.py;testing/test_skipping.py;testing/test_terminal.py;testing/test_tmpdir.py;testing/test_unittest.py,3;4;6;1;1;1;2;7;6;6;4;2;1;2;3;1;7;1;2;2;6;1;6;20;0;1,4;6;6;1;2;1;2;8;6;6;4;2;1;4;3;1;8;2;2;3;6;1;6;23;1;1
d81b703f1091d912cb6901ff637254a6c591dc09,holger krekel,2013-10-11 14:36:54 +0200,,testing/test_mark.py,11,0
2697b63bcde216f0f88c1d98e493b819d629a301,Jason R. Coombs,2013-10-10 18:01:56 -0400,,testing/test_assertrewrite.py,1,0
00c0d62c9b137a343a157bfc2afadd78ac9af981,Jason R. Coombs,2013-10-10 11:40:31 -0400,366,testing/test_assertrewrite.py,31,0
a5d4c2090581cbbdda641cd1b9cf9d2615b37534,holger krekel,2013-10-09 22:55:20 +0200,,setup.py;testing/test_skipping.py,15;8,13;10
0335c6d7509daa16c174a02d864479b44356d8ce,holger krekel,2013-10-05 21:39:16 +0200,,setup.py,1,1
8b6e42317bcdae724f6765156ac5d104eda397fb,Benjamin Peterson,2013-10-05 15:20:32 -0400,,testing/test_assertrewrite.py,9,0
56e6ae567c85106cdc24d00c8e901126a689f287,Benjamin Peterson,2013-10-05 15:16:08 -0400,330,testing/test_assertrewrite.py,10,1
33b663e03d7673fc92d7dee27c845d0431890b44,Benjamin Peterson,2013-10-05 15:03:04 -0400,,testing/test_assertrewrite.py,7,1
4b395d56cc9e706fe9f9e9478626e6f38a02d8ce,holger krekel,2013-10-04 13:59:44 +0200,,doc/en/conf.py,2,2
19a76337a4ed4c29068140998dc47ec524cad547,holger krekel,2013-10-04 11:36:45 +0200,,setup.py,1,1
cec7d47c1f4228a61fd981caa76e2a3f0db0d750,holger krekel,2013-10-03 18:53:40 +0200,,testing/test_terminal.py,0,11
5aa5b9748d00e414c593790f87845a586cd4e8d9,holger krekel,2013-10-03 18:02:54 +0200,,testing/test_parseopt.py,7,3
cb65c56037dbef55c69e85adf27b843233e2ff34,holger krekel,2013-10-03 17:46:36 +0200,,setup.py,4,2
ae090740c5e2de0fc0ecd3164ad597c4ca0c6ccd,holger krekel,2013-10-03 16:47:55 +0200,,testing/test_terminal.py,11,8
2248a31a44da9c9fb4e939b6a4753609ce617a8c,holger krekel,2013-10-03 15:43:56 +0200,,testing/test_mark.py,25,1
9fdfa155fb0608cdc529608d19c01d66f412fb99,holger krekel,2013-10-03 14:22:54 +0200,,testing/test_tmpdir.py,9,0
e49eca8d59bb404521003d67b4f71fbd345790bb,holger krekel,2013-10-03 13:53:22 +0200,,bench/bench.py;testing/test_collection.py,1;22,1;1
071960250f6e52d37f8511dd2c5672967cb2e5e2,holger krekel,2013-10-02 12:39:01 +0200,,setup.py,1,1
2b8f4214c30e20c6cddcf81069ef928b1e975e1a,holger krekel,2013-10-02 09:16:51 +0200,,doc/en/conf.py;setup.py,2;1,1;1
d3c9927fee5563fb87945bdb9424aa867d6c3de3,holger krekel,2013-10-02 08:08:26 +0200,,testing/python/collect.py,10,0
1db6fc87c73e9ef51f7e4f47af5a0a953c5f8cdf,Floris Bruynooghe,2013-10-01 13:20:20 +0100,,testing/test_config.py,11,0
895d52471bbd7d99c31c3f727d0233431131c835,holger krekel,2013-10-01 12:51:52 +0200,,setup.py,1,1
d226b2faf47ece83758631fbbabf29bb2cbfda0f,holger krekel,2013-10-01 12:37:11 +0200,,doc/en/conf.py;testing/acceptance_test.py;testing/test_junitxml.py,1;5;4,1;9;4
f9927e457b2f3f4a010287dcdecc180d66753c9b,holger krekel,2013-10-01 10:43:36 +0200,,setup.py,2,2
2c7d00579b952fb3ac6d3d95161ca15f23bc04f0,holger krekel,2013-09-30 16:09:26 +0200,,setup.py;testing/acceptance_test.py;testing/test_capture.py,1;5;0,1;5;1
de35b077a2b4eed2f7b19b4ab86536a6cb0617e1,holger krekel,2013-09-30 13:56:54 +0200,,testing/python/fixture.py,15,0
086d4e4ced1fdc6dad036fc727679fb543371e0d,holger krekel,2013-09-30 13:42:39 +0200,,testing/python/fixture.py,8,9
db6f347db6d3f2db5aa2cf2d27630db5ab99d589,holger krekel,2013-09-30 13:14:16 +0200,,testing/test_capture.py;testing/test_config.py;testing/test_parseopt.py,10;15;6,0;0;0
4b709037abf86e59f4227a8aad4ba8e1c64a0634,holger krekel,2013-09-30 13:14:14 +0200,,testing/test_config.py;testing/test_pytester.py,15;1,0;1
d946299b0a3e42e447c92b6074f196077b9b7a91,holger krekel,2013-09-30 13:14:14 +0200,,testing/test_session.py,3,2
8b1e53f6d3f697602050ae8023f4e06f4d81ef2d,holger krekel,2013-09-30 08:36:31 +0200,,testing/test_parseopt.py,1,1
a930f44e60e7d3191004ef793a91d347012d0cae,holger krekel,2013-09-28 22:23:00 +0200,,testing/acceptance_test.py;testing/test_collection.py;testing/test_doctest.py,5;2;1,5;2;1
fad7bd4393e09d8c0a9683cc9b2e27f3561edcb2,holger krekel,2013-09-28 22:22:53 +0200,,testing/test_config.py;testing/test_tmpdir.py,1;1,1;1
b80e8755259d27a5261b2cdba27ef8a613e02ca4,holger krekel,2013-09-28 09:52:41 +0200,,testing/test_parseopt.py,5,5
1fc466e8ac04c19fa6e9471b315fcfe20414c067,holger krekel,2013-09-27 15:48:03 +0200,,testing/test_mark.py;testing/test_terminal.py,1;13,1;0
48838727ae697467c7c7b32d3a99bb11bb396f10,holger krekel,2013-09-27 12:43:49 +0200,,setup.py,1,1
39503932a46e01c1e421f3069156117bc7dd6d6c,holger krekel,2013-09-27 12:33:06 +0200,,testing/test_monkeypatch.py,14,6
da7133d2018ae3aeb58dd4348889e8927ed247ab,holger krekel,2013-09-27 12:28:34 +0200,,testing/python/fixture.py;testing/test_terminal.py,10;1,10;1
030c337c68a380f4bbaa47e84e73fcfebf4e1127,holger krekel,2013-09-27 09:49:39 +0200,,testing/test_terminal.py,8,1
3ab9b48782de7c3e2ba163f1f802a2ebbe4ec40c,holger krekel,2013-09-26 12:57:21 +0200,,testing/python/fixture.py,22,6
2bdd034242d01799bce44d9206a44251e5a192ff,holger krekel,2013-09-26 08:45:50 +0200,,testing/test_junitxml.py,1,1
b5a83a6af1ba8c0860ba5bae2c5860a5711ebcab,Anthon van der Neut,2013-09-09 12:41:29 +0200,,testing/test_argcomplete.py,2,0
d565df90ad85fd679f6507f0cff6b33ed364da8c,holger krekel,2013-09-09 09:56:53 +0200,,testing/test_unittest.py,18,0
cf37c477bbfdf266f8d821ffc09b9661dbf252c3,Ronny Pfannschmidt,2013-09-08 22:26:51 +0200,,testing/acceptance_test.py,8,0
63a924b922eb7387f52491c182149188456eba4f,Anatoly Bubenkov,2013-09-07 02:30:09 +0200,,testing/python/collect.py,18,0
c478027805539cc3cbef11ebe830caf6c748b808,holger krekel,2013-09-06 15:29:00 +0200,,testing/test_pdb.py,16,0
94ee37cdb3715cf02bb3918b7cb3aa496f6cbb86,holger krekel,2013-09-06 11:56:04 +0200,,setup.py;testing/python/integration.py;testing/test_pdb.py;testing/test_runner.py,1;3;29;3,1;2;0;3
8360c1e6872b9748566951b60399295ab7090f27,holger krekel,2013-09-06 10:07:06 +0200,,testing/test_doctest.py,11,0
ca5d02df0620e9be393ea296904a24d5097a03de,holger krekel,2013-09-05 22:32:35 +0200,,testing/test_parseopt.py,2,0
c3fcf4d928b7772e5e2152ac0717480ed699041d,holger krekel,2013-09-05 22:22:14 +0200,,testing/test_runner.py,4,1
517d49828514553ea6a7c578e8966f442b066aba,holger krekel,2013-09-05 15:43:19 +0200,,testing/test_runner.py,11,0
b879074a646f00694235f2d1842991a3494f4c6b,holger krekel,2013-08-16 11:41:31 +0200,,testing/python/metafunc.py,17,0
57f997b0b4eb4229fed02668f0aac3a86989d84d,holger krekel,2013-08-11 18:19:58 +0200,,setup.py,1,1
4b88d6d2d72e0a511aabcfb1959f06c6f2112c89,holger krekel,2013-08-07 16:49:29 +0200,,testing/test_monkeypatch.py,12,23
407283ef81e84ca163e32a2952658c85f3000609,holger krekel,2013-08-07 15:35:27 +0200,,testing/test_monkeypatch.py,32,0
719e89fc1a2b74878c6907032377ce516e10778f,Anthon van der Neut,2013-08-06 15:33:27 +0200,,bench/bench_argcomplete.py;testing/test_argcomplete.py,19;92,0;0
7d86827b5edfaeaff8d6bcf968ffaae5534e806a,holger krekel,2013-08-02 09:52:40 +0200,322,setup.py;testing/python/fixture.py;testing/test_runner_xunit.py;testing/test_unittest.py,1;0;74;19,1;2;34;1
7fc0d45a4c8ada969db15b355cc11e6488113092,Mathieu Agopian,2013-08-01 23:48:40 +0200,322,testing/python/fixture.py;testing/test_unittest.py,10;51,4;1
743711cd1fcb92fd06eef59dd3c2c0e3a6618e9e,Ronny Pfannschmidt,2013-08-01 22:11:18 +0200,,testing/test_assertrewrite.py,30,0
2cdb54225c91393cc76870d875960c18ed3ee190,Floris Bruynooghe,2013-08-01 18:58:28 +0100,,testing/python/fixture.py,47,1
8f24e10571df08349edf17c6c598e13a86439eef,holger krekel,2013-08-01 17:32:19 +0200,,doc/en/example/pythoncollection.py;testing/acceptance_test.py;testing/python/collect.py;testing/python/fixture.py;testing/python/metafunc.py;testing/test_assertion.py;testing/test_collection.py;testing/test_session.py;testing/test_terminal.py,1;1;5;1;1;1;3;2;9,1;1;5;1;1;1;3;2;9
e96da76c3b5c8cf4a7766930db708c1fd5865ee8,Anthon van der Neut,2013-08-01 16:49:26 +0200,,testing/test_parseopt.py,0,1
e24b56af6cb604e9b5cf8e3be5bf8e990e8fa3ec,Anthon van der Neut,2013-08-01 16:27:06 +0200,,testing/test_parseopt.py,2,2
007a77c2ba14b3df8790efb433a2f849edf4f5d2,Anthon van der Neut,2013-08-01 16:21:33 +0200,,testing/test_parseopt.py,101,29
9ccd52d538499b9f77f92ca02b85aae0d1705cd1,holger krekel,2013-08-01 15:43:42 +0200,,testing/test_assertrewrite.py,20,0
cbbbfcd1011a7127761663928056e230aecbe3f2,holger krekel,2013-08-01 15:38:03 +0200,,testing/test_assertion.py,8,6
72a48d69cdb0f1c5b3b75bebb468a60facc197f0,Mathieu Agopian,2013-08-01 14:48:34 +0200,279,testing/test_assertion.py,41,1
b90d82c17f3f3a6f1d2bdf8a5eaa6de3b247eff8,holger krekel,2013-08-01 14:24:25 +0200,,testing/test_parseopt.py,1,1
1023390f53de8b4af95e2484b58c7ffc0781e4a3,holger krekel,2013-08-01 09:42:44 +0200,,setup.py,1,6
ef2ddb6f16d5118d6bf602af9c87e09bee456e39,Anthon van der Neut,2013-07-31 21:33:13 +0200,,testing/test_parseopt.py,8,10
e3a2e1bbf845604318fb003c4aedd4d12688354a,Anthon van der Neut,2013-07-31 16:03:53 +0200,,testing/test_parseopt.py,7,1
6817a562708c4ea9e436917104c1a4a569b0ba6b,Anthon van der Neut,2013-07-30 12:33:38 +0200,,testing/test_parseopt.py,15,7
87860600fbf63b625bf8c72830fa7b2df4769d13,Anthon van der Neut,2013-07-30 11:26:15 +0200,,testing/test_parseopt.py,40,0
2a7c79dbf535f4d89cd3c1ba5b5c786973835755,holger krekel,2013-07-26 08:59:31 +0200,,setup.py;testing/test_parseopt.py,5;3,1;2
15ec5a898c5e6ba289213ba1ca53564f73783bb5,Anthon van der Neut,2013-07-25 15:33:43 +0200,,testing/test_mark.py;testing/test_parseopt.py,13;59,3;14
6d145ac93a7b6bd2672e45dbe3c0d624937b9537,holger krekel,2013-07-24 11:16:19 +0200,,setup.py,1,1
1280add0473e6a930f3152f741de5b63e438fdf8,holger krekel,2013-07-17 10:29:11 +0200,,setup.py;testing/python/fixture.py,1;33,1;0
60a53c75a6b3efcb0d6f68395f8da03a03060448,holger krekel,2013-07-16 15:43:20 +0200,,setup.py;testing/python/metafunc.py,1;5,1;5
87eae6213e1bab4082e75cac268ac10b42efbf13,Anatoly Bubenkov,2013-07-11 11:15:31 +0200,,testing/test_skipping.py,1,2
589138ea7164b229c79d499b602b1f7535ce2544,Anatoly Bubenkov,2013-07-06 21:30:24 +0200,320,testing/python/fixture.py,3,3
214793f6976059d28ea6bf397e68491cd77b906d,Anatoly Bubenkov,2013-07-06 18:54:24 +0200,329,testing/test_skipping.py,12,0
e6a063ee47a8b26f2c1599c7c6323b661fc980fa,Floris Bruynooghe,2013-07-06 17:56:54 +0200,,testing/python/fixture.py,25,0
87df85f12d958e5e1402da111631ff0855d2f3a5,Katarzyna Jachim,2013-07-06 15:43:59 +0200,,testing/test_terminal.py,16,5
ae327ef435b5ae0972866c71c24c6f47eaf42065,holger krekel,2013-07-06 15:38:40 +0200,,doc/en/conf.py,1,1
ea7a997afc24ad3081932912a3905556008a126f,Anatoly Bubenkov,2013-07-06 10:26:14 +0200,,testing/test_conftest.py,0,1
c4c966683c082aedb461f94b49e1ef73e4346037,holger krekel,2013-06-28 12:57:10 +0200,,setup.py;testing/python/metafunc.py,1;14,1;0
f9720a38fe0ae741937a1b4ca7de8b9552bc11a7,holger krekel,2013-06-23 09:24:48 +0200,,setup.py,1,1
28b28597185d006b1224cfdf187f9761fd9c221d,Brian Okken,2013-06-22 09:42:31 -0700,,testing/test_unittest.py,2,2
5e77eb23ebd0b9a3ad34eb65892790482c64b610,Brian Okken,2013-06-22 09:35:10 -0700,,testing/test_unittest.py,22,0
ac3d8800fdf9750080a9c70843e14825f4c59ec9,holger krekel,2013-06-10 10:09:28 +0200,,testing/test_session.py,14,0
17e110658460bc464592cbc4c9885524b0917cba,Erik Bray,2013-06-07 17:30:10 -0400,,testing/test_assertrewrite.py,13,13
345b8391c4543e4b6a1a50c086918738d04b5b9f,Brianna Laugher,2013-05-29 12:59:47 +1000,,testing/python/metafunc.py,30,2
b1595d3f619169c44281ab7f0ffb245c01fbd22d,Erik Bray,2013-05-28 18:11:12 -0400,112,testing/test_assertrewrite.py,18,1
c294a417bdb57eba265cd0f123ec313cf7b515bc,holger krekel,2013-05-28 10:32:54 +0200,,setup.py;testing/python/metafunc.py,1;10,1;0
212f4b4d64247a190ec25fd8c39f34dfa090e406,Wouter van Ackooy,2013-05-27 18:14:35 +0200,,testing/test_mark.py,1,1
72afbbbd710ea2a3e984cedd159ad0d77bf45f1d,Wouter van Ackooy,2013-05-23 12:21:40 +0200,,testing/test_mark.py,20,1
583c736f0c006642414dd9fab2ce607c677fbf91,Wouter van Ackooy,2013-05-23 09:12:50 +0200,,testing/test_mark.py,18,0
8a0a18e9b369f758b7114b524f097ee69e75e1a3,holger krekel,2013-05-22 15:24:58 +0200,,testing/python/metafunc.py,3,3
fe27f3cc7d5e2a07ec79f08713ad42b4c74b0ed6,Wouter van Ackooy,2013-05-20 14:37:58 +0200,306,testing/test_mark.py,1,2
ee65ca10f479c015030c93f00f83ba2bb4c6b486,Brianna Laugher,2013-05-20 12:52:20 +1000,308,testing/python/metafunc.py,72,60
242b67de178b2faa0604b997d23c8595b82be5da,Danilo de Jesus da Silva Bellini,2013-05-17 12:18:22 -0300,,testing/test_doctest.py,95,3
5373a630086c2443adc8e3087305853194e7d88f,Brianna Laugher,2013-05-17 18:46:36 +1000,308,testing/python/metafunc.py,171,0
e6e86fa462fb4e4f44201afe84c6118e87a1f63a,holger krekel,2013-05-16 09:59:48 +0200,,doc/en/example/nonpython/conftest.py,1,1
7803bca335646df1e4155fa9e5464e193d16b466,Jaap Broekhuizen,2013-05-09 21:16:57 +0200,,testing/test_junitxml.py,13,0
9e3cd037213ffd4ce656c6901bd2006371360a20,maho,2013-05-08 17:01:20 +0200,299,testing/test_terminal.py,16,0
55cd3d8bf3238624db041247080a24ea5e5fbed7,holger krekel,2013-05-07 21:39:30 +0200,,setup.py,1,1
bbd265184da359a166afd05cd7f5218d9cd3a842,holger krekel,2013-05-07 18:40:26 +0200,,setup.py;testing/test_skipping.py,1;41,1;1
77d2f6adde71d7a545ff5bf6dc8d4ef0bf075a02,holger krekel,2013-05-07 10:54:05 +0200,,setup.py,1,1
51688270ac48f3fe840691458cec12207a1b95b5,holger krekel,2013-05-07 10:53:31 +0200,,setup.py,1,1
56aa9962fc7f7ba9185309c25781557c1435ea8a,holger krekel,2013-05-05 14:48:37 +0200,,setup.py;testing/python/fixture.py,1;98,1;0
8e41ef5776e8a42b36137fd688c8b84891ffef15,holger krekel,2013-05-05 14:48:17 +0200,,setup.py,1,1
331bd84ef4b737a39e5ffa03fbe9458c0ec9c13b,holger krekel,2013-05-05 14:23:47 +0200,,doc/en/conf.py,1,1
8c7ae7f7a5beb922443a73c9946f459ebd1cda52,holger krekel,2013-04-30 12:26:30 +0200,,setup.py,1,1
05c4ecf892b3ca11566a8d89aa5e776608349f1d,holger krekel,2013-04-30 12:05:58 +0200,,testing/test_assertion.py,14,0
c5f995878363dd5e452cba5ec42dd818dd379657,holger krekel,2013-04-29 10:31:51 +0200,,testing/python/fixture.py;testing/test_assertion.py,14;1,0;1
7a90515d49f495cae5b430dc252286d429322c34,Floris Bruynooghe,2013-04-28 20:59:10 +0100,,testing/test_assertion.py,5,0
b2cb93e06d4f8bf6415e282ac01c55209029fb74,holger krekel,2013-04-22 10:35:48 +0200,,setup.py;testing/python/integration.py;testing/test_tmpdir.py,1;32;1,1;0;0
c93fbb0e57f70fe393d2d15c47978fd1e362df57,Floris Bruynooghe,2013-04-18 12:24:53 +0100,,testing/python/fixture.py;testing/test_conftest.py;testing/test_terminal.py,71;12;1,0;0;1
bb6f3ebd3111fb40ce678ad95fd940b580c97b77,holger krekel,2013-04-16 09:04:05 +0200,,testing/test_nose.py,4,2
1cbd2db6213a1f8011cb915362bc2a8ac48f7e6b,Adam Goucher,2013-04-16 00:45:14 -0400,,testing/test_junitxml.py,23,1
712898cfe1219301902be6421019c3d1c9f6feef,holger krekel,2013-03-28 10:21:03 +0100,,setup.py;testing/acceptance_test.py,1;2,1;0
f31dc7a8b750cecb1809b2e8616439bb8198c72c,Floris Bruynooghe,2013-03-28 01:39:01 +0000,,doc/en/example/assertion/failure_demo.py;testing/test_assertion.py,1;31,1;4
9c9679945e16aeab710da1fc001d0f689deaadc8,Ronny Pfannschmidt,2013-03-25 10:52:02 +0100,,testing/test_nose.py,23,0
ba79c1926cf07a347d95d9fb6a7eeebebae1ef60,Ronny Pfannschmidt,2013-03-25 08:53:08 +0100,,testing/test_capture.py,12,0
76fb51a4baf88284536f613e1e240403c2a08106,Ronny Pfannschmidt,2013-03-24 20:43:25 +0100,,testing/test_junitxml.py,19,0
93da606763a16a6964625f28a6434e2cefb99a35,Ronny Pfannschmidt,2013-03-24 20:05:29 +0100,,testing/test_doctest.py,20,0
dfcb0e322cc025ceb9c2d66c3ef4ebc997d12c15,Andreas Zeidler,2013-03-21 12:04:14 +0100,,testing/test_doctest.py,2,2
da3b42ce46389f9cbac81f3eabf3974e9ce56466,Andreas Zeidler,2013-03-21 01:03:59 +0100,,testing/test_doctest.py,2,2
5a3547dd7eebc91dd9b9200bff41f06a5a08aba6,Andreas Zeidler,2013-03-20 17:32:48 +0100,,testing/test_doctest.py,11,0
c4b3a09886b146c8e33fec3871b0459e838a2421,Andreas Zeidler,2013-03-20 17:14:28 +0100,,testing/test_doctest.py,9,0
37c47155e05303dcffdba821396e3ff6c94d0f5b,Antonio Cuni,2013-03-14 16:10:33 +0100,,testing/test_nose.py,9,0
5ba2a7f6280af5b518bd9609f004f99390ca9536,Takafumi Arakaki,2013-03-10 07:25:14 +0100,,doc/en/conf.py,13,0
0cf79b29cdb8aa488d30910778c951e88c95b580,Benjamin Peterson,2013-03-08 10:44:41 -0500,269,testing/test_assertrewrite.py,8,0
48e6aa9dc7583d1273daa3d5736289a8e1742cb8,Floris Bruynooghe,2013-02-15 11:47:48 +0000,266,testing/test_skipping.py,14,0
0dd05023b8a9308739a06c3777d7157446e41dab,Ronny Pfannschmidt,2013-02-15 10:18:00 +0100,,testing/python/collect.py,5,2
69ef7500912d138a5b4c157236f6f70e7a5f7223,Ronny Pfannschmidt,2013-02-14 12:21:42 +0100,,testing/acceptance_test.py,15,0
857c99d3548f6e6972d2023c91f1f0861d091581,holger krekel,2013-02-14 12:17:23 +0100,,testing/python/metafunc.py,1,1
3785f1aae371898476b2b8e3b5493ead49fc7889,holger krekel,2013-02-14 11:57:32 +0100,,setup.py,1,1
d0e18ac63f8e8aab25bae064d58088f9d46c48c9,holger krekel,2013-02-12 23:30:34 +0100,,testing/python/metafunc.py,5,0
456731ed0ff7fb0c51660d3389d434b2436661d9,holger krekel,2013-02-12 22:43:33 +0100,,setup.py;testing/test_assertion.py,2;13,2;0
162c3689c60471a3e19110e8b7f27720a9185891,Ronny Pfannschmidt,2013-02-07 17:53:13 +0100,,testing/test_nose.py,25,0
570ad36eaf2ea7885a6017f16318a642a4bf5196,holger krekel,2013-02-05 17:41:45 +0100,,testing/python/fixture.py,2,2
9d107523a13650eba31cf1dd09fb601cdad20baf,holger krekel,2013-02-04 16:07:51 +0100,,testing/test_runner.py,1,1
570688f7018a5dd9da765ec184b87a85daec3064,Ronny Pfannschmidt,2013-01-27 02:06:19 +0100,,testing/test_runner.py,4,0
ee713ad03668655799c7d0c564e2f5c74a70e2d1,holger krekel,2013-01-21 09:04:01 +0100,,doc/en/conf.py,1,1
65edf87ea65d4d039823e883fb0184e75f706033,Benjamin Peterson,2013-01-10 11:59:08 -0600,171,testing/test_assertrewrite.py,10,2
1e94d900f2cb1bfdcb6ec161d0e62574f06be268,holger krekel,2012-12-09 09:19:33 +0100,,setup.py,1,1
5f99511ab7c79ae9ec2b93cfff409467acc5f065,holger krekel,2012-12-04 20:31:37 +0100,,testing/test_helpconfig.py,2,1
22dd5e29e264a2b0e69531ced48f2060e1153012,holger krekel,2012-11-30 12:18:12 +0100,,testing/test_assertion.py,1,1
3d79e7060eaf642d1f1d369f4172d8f565a2107e,holger krekel,2012-11-28 09:23:36 +0100,,setup.py,1,1
1d7c71884e0018a335352c23b100e29565b6adb5,Graham Horler,2012-11-27 16:58:08 +0000,,testing/python/collect.py,22,0
68786a6434d554505d28402fd322370645f5cdba,holger krekel,2012-11-21 20:43:31 +0100,,setup.py;testing/test_pdb.py,1;16,1;0
03445913e0d6bce4f148064a3ae444dfad3dc9f9,holger krekel,2012-11-20 14:37:39 +0100,,setup.py,1,1
8580058ffba95f49a767cedc6bf8b3888a442177,holger krekel,2012-11-20 14:24:26 +0100,,setup.py,1,37
1c9ef2443f0f077659ed79ff8edc03437d9e712e,holger krekel,2012-11-20 14:20:39 +0100,,setup.py,1,1
b5955c59793b924a14e3ab185f38d690cef32fb3,holger krekel,2012-11-20 14:01:31 +0100,,setup.py,1,1
765b053984c71fdb350d6ebdc31beff5964e7b69,holger krekel,2012-11-20 13:42:00 +0100,,doc/en/conf.py;setup.py,1;1,1;1
a9adfa91141dbbbb54bda6a5c0b204d9e10580e2,holger krekel,2012-11-20 11:52:06 +0100,,testing/test_config.py,1,0
f263f548890f70d6c4f031fef55671efc094f398,holger krekel,2012-11-19 22:17:59 +0100,,testing/python/fixture.py,18,0
d66ff7e63efcba75442a8d02570f63489421b82e,holger krekel,2012-11-19 22:17:55 +0100,,setup.py;testing/python/fixture.py,1;19,1;0
f3e03fc298bbb10167ed0069f10ac67cde75dbbb,holger krekel,2012-11-19 14:07:14 +0100,,testing/test_tmpdir.py,3,3
b940ed11a084b4a9db2abb4aa7eec97916ffe511,holger krekel,2012-11-16 10:03:51 +0100,,setup.py;testing/python/fixture.py,1;25,1;1
c64c567b75fd79917ed591116de6882699436fda,holger krekel,2012-11-12 10:15:43 +0100,,setup.py;testing/test_config.py,1;4,1;0
4ac465acfb3d684f113549fa48785d7a7ba0323f,holger krekel,2012-11-09 12:29:33 +0100,,setup.py;testing/test_mark.py,1;21,1;3
a4909a0ae4c2c87e19c14454289a57f1f21e5c68,holger krekel,2012-11-09 12:07:41 +0100,,setup.py;testing/test_mark.py,1;24,1;1
c790490387a814061d8b5fad389abc3025b5af71,holger krekel,2012-11-08 23:36:16 +0100,,doc/en/conf.py,1,1
664b01ca421ada6b43b9bff565dcd10e2f16a47a,holger krekel,2012-11-08 19:05:46 +0100,,doc/en/conf.py,1,1
ff0c75aa348fdc579896ae9ab773542b3f82ebce,holger krekel,2012-11-07 11:11:40 +0100,,doc/en/conf.py,1,1
476d210d09189abebadba9236c6127f889845573,holger krekel,2012-11-07 10:05:39 +0100,,setup.py,1,1
eedc4242efe0c1037f5ae0e4acdff2144fb8964b,holger krekel,2012-11-07 09:35:49 +0100,,setup.py,1,1
d6f10d502cab1e488d212ae2f0eed98e6f447741,holger krekel,2012-11-06 15:36:11 +0100,,setup.py,29,5
65d6ebe7d1583ad794c638576d338be5d18fe709,holger krekel,2012-11-06 14:41:10 +0100,,doc/en/conf.py;setup.py,1;2,1;2
33cd4144200173f5b06d82d8d5bc1d63c934e1b1,holger krekel,2012-11-06 14:09:12 +0100,,setup.py;testing/test_config.py,1;11,1;0
dba2a8bc647c73eb9ecf21de18bf56e45a04f115,holger krekel,2012-11-06 11:04:11 +0100,,setup.py;testing/python/fixture.py;testing/python/integration.py;testing/test_mark.py;testing/test_nose.py,1;0;119;1;3,1;53;0;1;11
f20340196470875cbdd1444d66f7abf2533e9f0a,holger krekel,2012-11-06 09:27:58 +0100,,setup.py,2,2
c64699bba62fcea68dd89218a9b2596aec16af4a,holger krekel,2012-11-06 09:14:41 +0100,,setup.py,4,2
002c5072af54329655e5c4f6dc9381ae8a6cf2ae,holger krekel,2012-11-06 09:08:54 +0100,,setup.py,1,1
b3c8991b2216a069471a1ec82bc6ded8d4f8fb9b,Ronny Pfannschmidt,2012-11-05 21:52:12 +0100,,testing/test_mark.py,19,0
04754f6748ed93b3103a4fb8e7cbec746c06ef72,Ronny Pfannschmidt,2012-11-05 21:17:58 +0100,,testing/test_nose.py,6,0
d5ad91c64f3cb26e9f0dddde7c0e33507eabf03f,holger krekel,2012-11-05 12:21:58 +0100,,setup.py,1,1
7e831b66ec0b402751c9cc7d65d80c67dc52640a,holger krekel,2012-11-03 20:54:48 +0100,,testing/test_unittest.py,19,0
ba9b27fcd3b1e73bbf431538ae7299a30c2f0695,holger krekel,2012-11-02 16:04:57 +0100,,testing/python/collect.py;testing/python/metafunc.py;testing/python/raises.py,721;575;64,0;0;0
fb173a97a87fde51a57d851b309597a88ed48b98,holger krekel,2012-10-31 17:00:55 +0100,,doc/en/example/nonpython/conftest.py;setup.py,3;1,3;1
6ebf39e9a64039ae9e616ba071944826b4918299,holger krekel,2012-10-28 10:13:37 +0100,210,doc/en/conf.py,1,1
6ad16936bbdcdf18a933f7a44d8438176d39ab6f,holger krekel,2012-10-25 13:48:31 +0200,,doc/en/conf.py;setup.py,4;2,4;2
bcb8dc71d2a38bbb73efeba2452aabf09c43c5e5,holger krekel,2012-10-25 12:08:11 +0200,,setup.py,1,1
b8277bfed8af60cda03816cbd53b73e705346c9f,holger krekel,2012-10-25 11:07:07 +0200,,doc/en/conf.py,1,1
2637326782cf308c55dd40e26b4bd35e20604eb2,holger krekel,2012-10-22 19:22:01 +0200,,setup.py;testing/test_unittest.py,1;22,1;2
aa79c0a4b9c5ff31dc30532d80529c39ac41755d,holger krekel,2012-10-22 16:25:09 +0200,,setup.py;testing/test_unittest.py,1;12,1;3
05c86aeb28fefad9648cdb7af75b4dc95ac1a0a7,holger krekel,2012-10-22 16:12:22 +0200,,setup.py,1,1
f28f073c7c6602e1acddddfcc09732df2d0161cd,holger krekel,2012-10-22 12:16:54 +0200,,setup.py,1,1
036557ac183540d78f6a131a34d8f9171144add1,holger krekel,2012-10-22 11:14:18 +0200,,setup.py;testing/test_assertrewrite.py,1;7,1;4
1b61fbc8edb7eac55f2e7d31570eb4c85e6cb055,holger krekel,2012-10-22 10:55:59 +0200,,testing/test_nose.py,1,1
97f03edcd6f432c5173056da65103afad55e937f,holger krekel,2012-10-22 10:17:50 +0200,,setup.py,1,1
d55fc611c472640a938385936f8b6f2ab5796e28,holger krekel,2012-10-20 17:39:15 +0200,,setup.py,4,2
720fe3405b909b3a3868b4bfc33041ba96b27862,holger krekel,2012-10-20 17:32:03 +0200,,setup.py,17,3
c894b2b4598761f74eabedd537bc81c0a1f0084b,holger krekel,2012-10-20 17:08:02 +0200,,setup.py,1,1
d4d213f83dca2d99fe29722ae32c94fd46f4fdaa,holger krekel,2012-10-20 14:10:12 +0200,,testing/test_skipping.py,2,2
289ee1c6ea4eb5d6283d3644d165b451fe51953c,holger krekel,2012-10-20 14:05:33 +0200,,doc/en/conf.py;setup.py,1;1,1;1
9ed127b5da1574bc53664915559de29a1f162f6c,holger krekel,2012-10-20 09:59:20 +0200,,setup.py,1,1
525b08bc5c2d3f9d7f3bb8fe6f381d62cca3844a,holger krekel,2012-10-20 09:52:03 +0200,,doc/en/conf.py,1,1
fae34ca5e388cc38e7a7636d5271db28ad6d17ce,holger krekel,2012-10-19 16:00:29 +0200,,setup.py,1,1
0852e84d9f27823e0cd40651bc3836b378c1239c,holger krekel,2012-10-19 15:59:29 +0200,,setup.py,1,1
76db624639a6c290d14a1afb573f0ff1aa9a6364,holger krekel,2012-10-19 15:01:29 +0200,,doc/en/conf.py,1,1
dca5fa2241daf8f5ebe4f65cac4fd2d86d5f4fd8,holger krekel,2012-10-19 10:53:28 +0200,,setup.py;testing/test_junitxml.py,2;2,2;2
586befb9455e31acb1856b25d06e9352741ed76e,holger krekel,2012-10-19 10:17:13 +0200,,setup.py,1,1
b0b669553835586d7932e9b8e23f8aa19eeaa421,holger krekel,2012-10-19 10:07:13 +0200,,setup.py,1,1
024df6e00ba1d44cabc965fec86cbbdb8decf66b,holger krekel,2012-10-19 10:07:11 +0200,,doc/en/conf.py;setup.py,1;1,1;1
64544bee1ab5bd66ecd3f9c42b62b834f269d3fe,holger krekel,2012-10-18 15:09:20 +0200,,setup.py;testing/test_unittest.py,1;1,1;1
7c8755cc89f3b1f0e6117e3943b28f6a1505b150,holger krekel,2012-10-18 15:06:55 +0200,,setup.py;testing/test_mark.py,1;19,1;0
7d747a1cde5dbe825d77a24ea68e0889aea45fa0,holger krekel,2012-10-18 13:52:32 +0200,,doc/en/conf.py;setup.py;testing/test_mark.py,1;1;13,1;1;12
dbaedbacde12cfb7c326101c693377a6851382d7,holger krekel,2012-10-18 12:24:50 +0200,,doc/en/conf.py,1,1
67de2c53acdb336ffce02434f8ac736999184f1a,holger krekel,2012-10-17 13:42:40 +0200,,setup.py,1,1
20849a44f599ba48b4fafd198d5386f9bd42b1d4,holger krekel,2012-10-17 12:57:05 +0200,,setup.py,1,1
98513b995a78fc5615b6071cda868f69cd2461f9,holger krekel,2012-10-17 11:20:45 +0200,,setup.py,1,1
dc4e20587693b961ef6bfd8e97748feb5b60ff63,holger krekel,2012-10-17 09:21:04 +0200,,testing/test_nose.py,1,1
cc2337af3a8eaebaddf5b2fe49300cb82dc582e0,holger krekel,2012-10-16 16:13:12 +0200,,setup.py,1,1
f5d796b0933491b54b342eb0becebba33c672e03,holger krekel,2012-10-12 14:52:36 +0200,,doc/en/conf.py;setup.py;testing/test_nose.py;testing/test_unittest.py,1;1;1;2,1;1;1;2
6eec2f5893e8cc2b7304d213cdbbfd9cf98958e8,holger krekel,2012-10-11 13:05:16 +0200,,setup.py;testing/test_tmpdir.py,1;9,1;2
0594265adce86fefceb5587fcd75befad997a721,holger krekel,2012-10-09 16:49:04 +0200,,setup.py,1,1
fb3af07ef4c1b9e7ee8e1ab9c86113f4ae264c1e,holger krekel,2012-10-09 14:35:17 +0200,,doc/en/conf.py,6,2
39b8a19cf7e7884d474b86b772fe1809d9f1ffbe,holger@merlinux.eu,2012-10-08 13:42:31 +0200,,testing/test_junitxml.py,5,3
d630d02c5b4ddcd1f2499841bb303ad394c9a342,holger krekel,2012-10-08 08:34:21 +0200,,setup.py;testing/test_nose.py;testing/test_unittest.py,1;1;2,1;1;2
30b10a6950fbb699962ada800f51010764c85f02,holger krekel,2012-10-07 13:06:17 +0200,,doc/en/conf.py,3,2
cda84fb5669dec0acd8eb9963f76d7dac7a44392,holger krekel,2012-10-06 21:03:55 +0200,,setup.py,1,1
d8c365ef2cfb4e701e330608976c2145dd3ae973,holger krekel,2012-10-05 19:20:40 +0200,,doc/en/conf.py,1,1
4cbb2ab3b363289713828e0014d992d9069571b6,holger krekel,2012-10-05 14:35:16 +0200,,setup.py,1,1
bb07ba78073cb738fe858a5fe8f09993dbd805d3,holger krekel,2012-10-05 14:24:44 +0200,,doc/en/example/assertion/failure_demo.py;testing/test_capture.py;testing/test_conftest.py;testing/test_helpconfig.py;testing/test_terminal.py,1;1;1;1;1,1;1;1;1;1
9251e747af4ed0df808299062a3c132a7ead0bde,holger krekel,2012-10-05 10:21:35 +0200,,doc/en/example/costlysetup/conftest.py;doc/en/example/multipython.py,1;2,1;2
439cc1238fcc79e5df1fdea80bab4d82096e6027,holger krekel,2012-10-05 10:21:35 +0200,,doc/en/conf.py,5,1
3049af618c04bd83bf43f5dd4240d70a34de0c44,holger krekel,2012-10-04 11:51:14 +0200,,testing/test_capture.py,8,8
7bc7a9b70286bcd9b8ae2646ee89c026c63ec912,holger krekel,2012-10-01 10:31:04 +0200,,setup.py,2,2
5173647b4d96a6505269557614f8944901b305e5,holger krekel,2012-10-01 10:14:54 +0200,,testing/acceptance_test.py,3,3
dbe66f468a388b0bf0b4f6fcfc5817602fa4589d,holger krekel,2012-09-26 12:24:04 +0200,,setup.py,1,1
35cbb5791d143cf5c552e92f46e18b15e7385ac7,Ronny Pfannschmidt,2012-09-25 18:15:13 +0200,,testing/test_monkeypatch.py,35,0
253a87b2dca7e930bbb45f8ed26c174f5716636b,Ronny Pfannschmidt,2012-09-22 18:24:53 +0200,,testing/test_unittest.py,11,0
81082ed3d37044dd4a4ac5d25eef16beb47689b7,holger krekel,2012-09-22 11:44:56 +0200,,testing/test_helpconfig.py,7,5
465cfff6f971e14cb243c95467477a240354cbfb,holger krekel,2012-09-22 00:23:36 +0200,,setup.py;testing/test_nose.py,1;11,1;0
738f14a48a305921b2f812310f894fd1b2a8a038,holger krekel,2012-09-21 09:39:54 +0200,,setup.py,1,1
22dc47d9f90db52fc53ac6f5bf288b06c75a4fb2,holger krekel,2012-09-20 10:57:23 +0200,,setup.py,1,1
a7c6688bd6aee3647b30d69e666f1c20934bbd6c,holger krekel,2012-09-18 10:54:12 +0200,,setup.py;testing/test_unittest.py,1;25,1;0
a94bb0a8bb56d160bd53c0d57ad8378cd12c74ea,holger krekel,2012-09-17 17:32:23 +0200,,setup.py;testing/test_mark.py,1;1,1;1
646c2c60012a936841ffc1136d5eb00e602d2853,holger krekel,2012-09-17 16:36:10 +0200,,doc/en/example/costlysetup/conftest.py;doc/en/example/multipython.py,2;4,2;4
bf5b2264747fdccd56c124147f1971125bf82566,Ronny Pfannschmidt,2012-09-15 15:20:49 +0200,,testing/test_runner.py,6,1
bfaf8e50b694f85fc577c04100737b08179ec490,Ronny Pfannschmidt,2012-09-03 10:12:30 +0200,,testing/test_pytester.py,10,0
848c749d1a1718de37a47d0bc216714bcdfaf4b8,Ronny Pfannschmidt,2012-09-03 09:54:02 +0200,,testing/test_junitxml.py,2,2
41ad7dbae1367a0e34a9ad5b48fb9f728def18fc,holger krekel,2012-09-01 09:58:10 +0200,,setup.py;testing/test_monkeypatch.py,1;13,1;0
a6060dfb6d40e1727ba040acf591233a2c88df54,Benjamin Peterson,2012-08-28 16:37:43 -0400,,testing/test_junitxml.py,1,1
1446b4b4e6f6ff416844f387beefef3f00000bfa,Ronny Pfannschmidt,2012-08-17 16:08:08 +0200,178,testing/test_junitxml.py,15,12
f472f21406c2dff366e0984ff158879b4cfc6f98,holger krekel,2012-08-13 12:58:08 +0200,,doc/en/example/costlysetup/conftest.py;doc/en/example/multipython.py,7;11,6;21
dd268c1b2bccd0813528c40ceefc4ee0dbe3b766,holger krekel,2012-08-08 11:48:53 +0200,,setup.py,1,1
172505f7031d559b09f167e25145c033f07f2064,holger krekel,2012-08-04 10:33:43 +0200,,setup.py;testing/test_junitxml.py,1;12,1;0
6746a00cb8b92f2822cc5273d692a9470c9759c2,holger krekel,2012-08-03 19:08:27 +0200,,doc/en/conf.py,1,1
46dc7eeacb66a92aedcbffc38a3e78592feb30a6,holger krekel,2012-08-02 12:41:46 +0200,,doc/en/conf.py;setup.py,1;1,1;1
5fd84c35dd3675d4e9600e0c10fd0dceb25f2666,holger krekel,2012-08-01 14:52:51 +0200,,doc/en/conf.py;setup.py,1;1,1;1
4f94ab4e4258fdc4dc56e528afaf2cb3832541a5,holger krekel,2012-08-01 09:10:40 +0200,,testing/test_assertion.py,1,0
449b55cc7002dc31e966a7b9b5aa89e98eb3bb58,holger krekel,2012-08-01 09:07:32 +0200,,setup.py,1,1
d68c65b493714cc9285e92f057f7ba21eae6c5e3,holger krekel,2012-07-30 10:46:03 +0200,,setup.py,1,1
fa61927c6b0b1e7053bb3508e044d9f2fe22a79b,holger krekel,2012-07-24 12:10:04 +0200,,setup.py,1,1
6b0f0adf5b5dd97f718f20ba77ecf375528b4bbd,holger krekel,2012-07-20 14:16:50 +0200,,doc/en/conf.py;setup.py,1;1,1;1
e14459d45cea631d22e0f7aec39a496a5ac699ac,holger krekel,2012-07-20 14:16:28 +0200,,testing/test_session.py;testing/test_tmpdir.py,6;8,5;2
4e4b507472e290be44042e10c3051d7069303b90,holger krekel,2012-07-19 09:20:14 +0200,,testing/test_mark.py;testing/test_session.py,1;9,1;9
4766497515169d40b9308825de0001b2e5766ca8,holger krekel,2012-07-16 11:11:26 +0200,,doc/en/conf.py,1,0
dbaf7ee9d06c79162aaa668a31f540998e1f6507,holger krekel,2012-07-16 10:47:41 +0200,,doc/en/conf.py,1,1
099ac1e1f4358f1f1571fa0bcb8987bf958abf16,Benjamin Peterson,2012-07-07 08:01:44 -0700,,testing/test_assertrewrite.py,4,6
1aca6c9d7cd50cd726222ced084658f955a1adc1,Floris Bruynooghe,2012-07-07 16:09:53 +0200,168,testing/test_assertrewrite.py,6,0
74e55493d14e16bc02756189891037dd1ba65df0,Ronny Pfannschmidt,2012-06-27 17:26:55 +0200,,testing/test_assertion.py,23,0
ecec653e98158a6eb32b9c303527d5de169850eb,holger krekel,2012-06-26 21:56:03 +0200,,setup.py;testing/test_conftest.py,1;13,1;1
91b6f2bda8668e0f74190ed223a9eec01d09a0a7,holger krekel,2012-06-25 17:35:33 +0200,,doc/en/conf.py;setup.py;testing/test_assertion.py;testing/test_tmpdir.py,7;1;19;2,2;1;27;3
227d847216a5c05cd5fd909574435985794ffb8e,holger krekel,2012-06-24 16:42:31 +0200,,testing/test_runner.py,18,0
6e0c30d67d984d653d9dad79a7c43e3cb21f5c4a,holger krekel,2012-06-23 11:32:32 +0200,,setup.py;testing/test_junitxml.py;testing/test_skipping.py,1;2;29,1;2;5
ccc04b9fc4d88c1e6662257e1d32a4252f1d0c71,holger krekel,2012-06-21 11:07:22 +0200,,setup.py;testing/test_terminal.py,1;8,1;5
18306a4644ee8589a560e44f9ec70b69935b6843,holger krekel,2012-06-20 00:16:47 +0200,,testing/test_terminal.py,4,0
1bbe1d086cb1709d699a1690dff342caea2195d2,holger krekel,2012-06-19 23:48:39 +0200,,testing/test_skipping.py,16,0
474b177da8cf8a97250c5ec1b596f0e2997f305e,holger krekel,2012-06-17 10:59:30 +0200,,doc/en/conf.py,1,1
b2e87ce027bbf77f1b216241cf6e4261648c3fb7,holger krekel,2012-06-16 21:29:04 +0200,,setup.py,1,1
b008e489ba29f6423bfd82e27ef952cc7d7e54be,holger krekel,2012-06-11 16:24:42 +0200,,doc/en/conf.py,8,7
8b3ac3b03ad5afc313e1008e732e6f1db292be98,holger krekel,2012-06-07 19:26:18 +0200,,doc/en/conf.py,1,1
6af20a5290602efd6f934cb16e041e03e76e7d7e,holger krekel,2012-06-07 19:18:50 +0200,,doc/en/conf.py,1,3
3f17784386eecd758170973c573774a5564c70a8,holger krekel,2012-06-03 21:01:27 +0200,,setup.py;testing/test_capture.py,1;27,1;0
0790f7a75f2b79fb39842bd5135a2fb7803e0df4,holger krekel,2012-05-22 17:18:04 +0200,,testing/test_junitxml.py,7,0
db8fbe7661e72fac0cf6e75573af2c1430b425ac,Ronny Pfannschmidt,2012-05-22 16:20:58 +0200,,testing/test_assertrewrite.py,1,0
51d94a4a6e13b17e79349cd72a88e5dde5dce7a8,holger krekel,2012-05-18 13:56:49 +0200,,testing/acceptance_test.py,2,2
e18abfd013c3bcea7903758624a244dcf4ca8d5e,holger krekel,2012-05-17 23:11:23 +0200,,testing/acceptance_test.py;testing/test_terminal.py,16;1,0;1
6c7ea8191fe94f101d6b45d09a562a1e83391c17,holger krekel,2012-05-17 15:44:18 +0200,,setup.py,2,2
0362aaba5ad9ccf1c7cd0356ebfc7c352a09694b,holger krekel,2012-05-17 08:47:50 +0200,,setup.py,2,2
948dea8bb4d7213aeed1e5d4d19591e14ed9f5ff,holger krekel,2012-05-17 08:46:49 +0200,,setup.py,1,1
6dd8405aedd6e485a84f8c9464ca24f27640a246,holger krekel,2012-05-10 00:34:47 +0200,,setup.py,1,1
b4588f1798fc1a6e1230b5fe962986dc2e3e2f74,Benjamin Peterson,2012-05-03 13:49:30 -0400,,testing/test_assertrewrite.py,4,0
1c817aa7bd76b95f7bfc10add44cce9a6372c78f,Benjamin Peterson,2012-04-18 11:26:44 -0400,,testing/test_junitxml.py,1,1
58933aac2ad48d8b7f65a31798f5a4e595192287,holger krekel,2012-03-19 22:53:52 -0700,,setup.py;testing/test_unittest.py,1;21,1;0
e643e99586cf70c6d2908d8e8fb52d6bdf743cb6,holger krekel,2012-03-19 08:53:08 -0700,,setup.py,1,1
ee8d2f9950201fe2af15af5122273d1879a65210,Ronny Pfannschmidt,2012-03-09 13:12:18 +0100,,testing/test_junitxml.py,13,17
4d21274a29f89c925922c5535166046e40c5a5b7,holger krekel,2012-02-05 23:38:31 -0500,,setup.py,1,1
83505b790d0d2f2528c02f3584397d875e17e28e,holger krekel,2012-02-05 17:32:01 -0500,,setup.py,1,1
78e7d7aed08b587adf43b0a9dc8b9802531aac58,Ronny Pfannschmidt,2012-02-03 16:56:06 +0100,,testing/test_terminal.py,14,0
68b353be0dff908539224e74a773404d5d049b26,Ronny Pfannschmidt,2012-02-03 16:33:32 +0100,115,testing/test_terminal.py,11,0
dfa273dc2596645be45e3c58a0634d3ffd0ff6a2,holger krekel,2012-02-01 08:52:34 -0500,,setup.py,2,2
5263656df676be15faeb7b82b0129c62af4b9dc2,Ronny Pfannschmidt,2012-01-20 19:50:45 +0100,,testing/test_runner.py,15,0
303f49a5ad221c7b764e9c6cc60ccb058de19515,holger krekel,2012-01-06 20:37:18 +0000,,setup.py,1,1
93424b0f9cf36b26d8f1863c94656d9359dc0ce7,Ralf Schmitt,2012-01-04 12:43:19 +0100,,testing/test_monkeypatch.py,21,0
4131923c0f6e636010f8a1ad6730ba42b7bac6af,Ralf Schmitt,2012-01-04 12:40:57 +0100,,testing/test_monkeypatch.py,27,15
c126cac98d2e9fe522c1b9b474b30e0f2d3d53d4,holger krekel,2011-12-28 16:47:08 +0000,,setup.py,1,1
e3a8b1e0623a3a4eb208329d91ddfd597bf57cba,holger krekel,2011-12-28 15:49:35 +0000,,setup.py,2,2
fa6d5bd15bdc2da99c067168f3b256a52e7e08ab,holger krekel,2011-12-28 15:49:13 +0000,,testing/test_monkeypatch.py;testing/test_runner.py,12;1,4;2
f2c8a837af2b84d66f225edc399a6a72e160cea7,holger krekel,2011-12-28 15:47:19 +0000,,testing/test_mark.py,7,7
ccc1b21ebdcb2d94963b580d8fa11da00fc98b1e,holger krekel,2011-12-28 15:47:18 +0000,,testing/test_mark.py,25,0
e21202b730e36b4cc9e6a237056dae4f08add5e3,holger krekel,2011-12-27 21:03:15 +0000,,testing/test_runner.py,4,6
f2791988f98560a03c791768c79ff6b61ac16807,holger krekel,2011-12-20 12:20:59 +0000,,setup.py,3,3
268c051ebaa2b23140552a227c812d0854448eeb,Benjamin Peterson,2011-12-19 12:02:07 -0500,,testing/acceptance_test.py,7,2
d5c3265763ddca8bdbdbc39bf29028ce16423e38,holger krekel,2011-12-18 23:01:39 +0000,,setup.py;testing/test_unittest.py,1;11,1;0
5093d8b9252a39e05774b17b50f477fdf1a65ae1,holger krekel,2011-12-18 10:56:39 +0000,,testing/test_monkeypatch.py,1,0
40187ec9bbdd8681d83f9def9a02a8a03c94aece,holger krekel,2011-12-16 22:41:23 +0000,,setup.py;testing/test_monkeypatch.py,2;14,2;0
3a3f69372f86562423bc923109ab3516e8bd7c98,holger krekel,2011-12-16 10:38:34 +0000,,setup.py,3,3
82ba764bb6d04835eb59079640e36e780d6262db,holger krekel,2011-12-14 10:56:51 +0000,,setup.py;testing/test_unittest.py,3;18,3;1
94e31e414a476151d6a9efa33a6e30f6b9c33080,holger krekel,2011-12-12 12:45:28 +0000,,setup.py,2,2
a94a6b42822ed660361ec8bd0ca01d98ae565ba9,holger krekel,2011-12-10 08:49:21 +0000,,setup.py;testing/test_resultlog.py,3;7,3;4
8307270cec5980fd2469bb216142a6c566b6be49,holger krekel,2011-12-02 21:00:21 +0000,,setup.py;testing/test_capture.py,1;1,1;1
c4fe622b82e56c21c2b951214a548337f92cda16,holger krekel,2011-12-02 21:00:19 +0000,,setup.py;testing/test_runner.py,2;3,2;3
b28977fbafdbe397fa13f5dc7a11cbe777614efb,Ronny Pfannschmidt,2011-12-01 20:17:24 +0100,,testing/test_unittest.py,23,0
826d1e6153adf63119c785319ada0dfc7be864c1,holger krekel,2011-11-25 21:34:05 +0000,,setup.py,2,2
6b4e6eee094224aa1050a50f88944efd3782f188,holger krekel,2011-11-18 18:32:11 +0000,,setup.py,1,1
7bb7d1205c4a0dfb5c09d2079fb4f7b6c0118115,holger krekel,2011-11-18 17:35:23 +0000,,setup.py,1,1
a1d41c6811738d99b069fdd883c24478ac3ff288,holger krekel,2011-11-18 16:58:21 +0000,,setup.py,1,1
a5e7b2760db81c1dec6e68c9a74edca5381925fd,holger krekel,2011-11-18 16:01:29 +0000,,setup.py;testing/test_runner.py,1;39,1;0
ec0565fac550bb5b8408c8e8b741035f1dd0e7a8,holger krekel,2011-11-17 11:09:21 +0000,,setup.py,1,1
a51e52aee367d10cf5076796413ee1b31a9d3711,holger krekel,2011-11-15 13:28:22 +0000,,testing/test_pdb.py,20,0
69dfc755722ed52b699a23eab5b6d48b4392e556,Ronny Pfannschmidt,2011-11-14 17:51:12 +0100,87,testing/test_pastebin.py,12,0
f7c1b9087ac11eccaa2218b8c97a50e7d1acc2fa,holger krekel,2011-11-11 23:18:33 +0000,,testing/test_terminal.py,1,1
36c42b5c158dc8ff103b4af8d682533eaa05fd54,holger krekel,2011-11-11 23:02:06 +0000,,setup.py;testing/test_mark.py,1;24,1;0
bc8ee95e72bbcdfff2c4c72de624d31a35cbdc9e,holger krekel,2011-11-11 22:56:11 +0000,,setup.py;testing/test_mark.py;testing/test_skipping.py,1;47;7,1;0;0
979dfd20f2cc52d9f7a28d3f990654ce15757206,holger krekel,2011-11-11 22:56:08 +0000,,testing/test_config.py,34,0
bd296c796f4303230636e9f35eec58d1058e64dd,holger krekel,2011-11-08 23:04:31 +0000,,testing/acceptance_test.py,3,4
7144cec580c8d4561fa2e6d0ff0e23f4155658a3,holger krekel,2011-11-08 22:06:57 +0000,,testing/acceptance_test.py,0,2
99a1188287c913965a25d52194948a8468b7b8c6,holger krekel,2011-11-08 20:57:19 +0000,,setup.py;testing/acceptance_test.py,1;0,1;2
0b18b6094ed83e4c3f10b865d4d043823cd0c166,holger krekel,2011-11-08 19:00:25 +0000,,setup.py;testing/acceptance_test.py,1;10,1;0
ae53d04780e203c0ca232f4f13856575c3b86de5,holger krekel,2011-11-08 18:37:08 +0000,,setup.py,1,1
a324826dfd8f2336da4f52744eae392509846d09,holger krekel,2011-11-08 18:12:16 +0000,,testing/acceptance_test.py,66,52
29bf205f3adf5884ad36fab9706792d98db69ac8,holger krekel,2011-11-08 17:53:46 +0000,,setup.py;testing/acceptance_test.py;testing/test_mark.py,1;25;1,1;0;1
3b9fd3abd8b86afd02ecceb5645c69e873294081,holger krekel,2011-11-08 17:20:56 +0000,,setup.py;testing/acceptance_test.py,1;45,1;0
974e4e3a9d5a87f77bd2c542e8f551fc62e832eb,holger krekel,2011-11-07 22:00:12 +0000,,testing/test_tmpdir.py,2,2
369b7709f7ea2f441d95f439b8830cc8f54b6cf8,holger krekel,2011-11-07 21:02:07 +0000,,testing/test_tmpdir.py,2,1
a2f4a11301906040304c7a9f69609b1606828f8f,holger krekel,2011-11-07 18:08:41 +0000,,setup.py;testing/acceptance_test.py;testing/test_capture.py;testing/test_collection.py;testing/test_config.py;testing/test_mark.py;testing/test_tmpdir.py,1;11;17;17;17;0;0,1;5;14;50;21;52;11
077c46858944c2f3b894376dbd76f34cf38e0e8e,holger krekel,2011-11-06 19:34:02 +0000,,setup.py;testing/test_tmpdir.py,1;13,1;0
d4fe273b2fbda2592bd1238791e782c50c4fa1c2,holger krekel,2011-11-06 15:40:17 +0000,,setup.py,1,1
5ae04397bd5d0d72342550904eca95f1db1e7aed,Ronny Pfannschmidt,2011-10-26 23:59:22 +0200,,testing/acceptance_test.py,2,5
2c230f910d2644c3e29e10ffbb3ca718ca61ea88,Ronny Pfannschmidt,2011-10-26 22:40:08 +0200,,testing/acceptance_test.py,8,0
346da57a8a508bf37e2be722937796c267f139de,holger krekel,2011-10-18 20:07:45 +0200,,setup.py,1,1
e2201fe3a995a570a86b526e3acc1e431bea4c1e,Floris Bruynooghe,2011-10-16 11:51:15 +0100,77,testing/test_assertion.py,22,9
29b4082b003f770cae3435d7756077994e627898,Benjamin Peterson,2011-10-14 16:26:13 -0400,79,testing/test_assertrewrite.py,8,0
6ac638ba876a366a1155c4103da9b1a7014e1586,Ronny Pfannschmidt,2011-09-29 23:44:26 +0200,76,testing/test_skipping.py,15,0
f2512017ead291c49ad805ce76aa58871f442c4a,Ronny Pfannschmidt,2011-09-25 23:26:49 +0200,,testing/test_config.py,3,0
3bd3ba133fb769940909bf4cc0e7736eb491dcb7,holger krekel,2011-09-25 07:40:43 +0200,,testing/test_skipping.py,6,1
922a283f9982a053fc2f2acaa80930e492233b07,holger krekel,2011-09-24 14:13:24 +0200,,setup.py,1,1
ad785a476ce2d5e8567f695ab1340036a49c85df,holger krekel,2011-09-23 07:30:44 +0200,,setup.py,1,1
d37af98db3f3ecee0e58c23b118292feb9d1f2d9,holger krekel,2011-09-21 08:12:37 +0200,,testing/acceptance_test.py;testing/test_assertion.py;testing/test_assertrewrite.py;testing/test_conftest.py,1;1;3;1,0;1;0;1
fb6fc673b8186fac45a0c05e5323e0c93139e80d,holger krekel,2011-09-21 06:45:40 +0200,,setup.py,1,1
eaec527a608dd06a9a4e2f84a4c5d44c8ff2a838,holger krekel,2011-09-21 06:21:48 +0200,,testing/acceptance_test.py,1,1
2bc4065a00b52bb185cdd4793cc01be39cacbb63,Benjamin Peterson,2011-09-20 17:53:07 -0400,,testing/test_assertrewrite.py,6,0
2315de8321deca4a742b91732f4ed0e592323cb2,Florian Mayer,2011-09-05 22:01:50 +0200,,testing/acceptance_test.py,2,0
25711a08794394fd50501cf3b919e31785ec9ad6,Florian Mayer,2011-09-05 17:38:22 +0200,,testing/acceptance_test.py,11,0
8675cf640d1a8429fca069f859e85f5d158c6303,Benjamin Peterson,2011-08-30 10:34:21 -0400,69,testing/test_assertrewrite.py,8,0
661a8a4a9298437aa8249a828ccfaa349899dd1a,Benjamin Peterson,2011-08-30 00:12:07 -0400,68,testing/test_assertrewrite.py,9,0
abe080c6b4b82486791de97b21262c274d22ff03,Benjamin Peterson,2011-08-29 10:13:00 -0400,66,testing/test_assertrewrite.py,14,0
09933b8b04e300de77bddd38822c2cdc1a3d772c,holger krekel,2011-08-20 18:37:00 +0200,,setup.py,3,3
fba20792926a1854100be8ed6f40a4dd9f6b6638,holger krekel,2011-08-19 07:58:50 +0200,,setup.py,1,1
c426a67b0ebf832d4d279a6b6d99d40fa85a46f4,holger krekel,2011-08-18 22:52:02 +0200,,testing/acceptance_test.py,1,1
7636dc76e0abe66cae1d1c691a3175182c8d24c2,Ronny Pfannschmidt,2011-08-01 10:53:37 +0200,,testing/test_pdb.py,13,0
643ab120f46323fb72881443837ece1d07c8d303,Benjamin Peterson,2011-07-25 21:40:38 -0500,60,testing/test_assertrewrite.py,24,0
f86c8469f59c7e0a2a136c529bd9e8fc289b78d0,Benjamin Peterson,2011-07-19 22:56:34 -0500,,testing/test_assertrewrite.py,3,2
22335acd0909c2e5bcdd6497b98be4c1fba3f7aa,Benjamin Peterson,2011-07-19 22:45:27 -0500,,testing/test_assertrewrite.py,1,1
8b866aa06591a6dafa6dd8401d91e8dc67f10ae5,Benjamin Peterson,2011-07-19 22:41:58 -0500,,testing/test_assertrewrite.py,2,1
2c4964d29022c5e991d133427d33690d37cdf9e2,Benjamin Peterson,2011-07-19 21:42:00 -0500,63,testing/test_assertrewrite.py,5,0
43113f9a9d45a88a7d656a99c27e94521c60dc27,holger krekel,2011-07-14 19:17:17 +0200,,setup.py,1,1
650c3bcfdea671de7f8a3cb66b8a0d438e26b58a,holger krekel,2011-07-14 19:11:50 +0200,,testing/test_config.py;testing/test_helpconfig.py;testing/test_terminal.py,1;14;0,1;0;15
ade9b9aa8e545c7d90952cd2d2ba6472618c0eee,Benjamin Peterson,2011-07-14 11:46:32 -0500,,testing/test_assertrewrite.py,4,0
7576b3c7d091c174924f20fcfd81cb73a41b19d9,Benjamin Peterson,2011-07-14 11:45:42 -0500,,testing/test_assertrewrite.py,4,0
3cc8697744757f24f9225ce264d9b0206d872a5b,Benjamin Peterson,2011-07-13 13:33:54 -0500,,testing/test_assertrewrite.py,10,0
703da22831e9f96aa9474cec3d12dbff8806f90a,holger krekel,2011-07-13 18:47:27 +0200,,setup.py;testing/test_junitxml.py,1;4,1;2
14ceaf24598a9f4045653f45a28c67e262a8ba09,Benjamin Peterson,2011-07-12 17:09:14 -0500,60,testing/test_assertrewrite.py,11,0
f3bc197afbe9201ea8b867e151499520d55678eb,holger krekel,2011-07-12 23:09:03 +0200,59,setup.py;testing/test_junitxml.py;testing/test_terminal.py,2;12;7,2;1;4
709da3fe84f0605922bd16e640a70208f2bbe51a,holger krekel,2011-07-12 10:38:02 +0200,,setup.py,2,2
a59c2c9e1745284abbc817245f6dbc3632e457eb,Benjamin Peterson,2011-07-11 09:24:07 -0500,,testing/test_assertrewrite.py,0,2
6096aeca538be79ceea02268e56e93d1c50433ca,Michał Bartoszkiewicz,2011-07-11 11:57:47 +0200,,testing/test_assertrewrite.py,6,0
814c6c70f12b98163041b6d97d0225810088b34c,holger krekel,2011-07-09 10:09:04 +0200,,setup.py,0,2
c2cdc66eca3da56d2c090a69bd232e52d74839d7,holger krekel,2011-07-08 22:58:22 +0200,,setup.py,7,3
8c683acad1af1f7eee5f3c9ea4c0ab6df7af01a7,holger krekel,2011-07-08 13:23:12 +0200,,setup.py,2,3
8713f4ba60e1413e61cbce837643f29ac08c28c5,holger krekel,2011-07-08 12:42:26 +0200,,setup.py,1,1
c40dc9f77994ddaa9eb3820ad23e2d45ab935211,holger krekel,2011-07-07 23:21:01 +0200,,setup.py,2,2
d1684e80520f101aa3a76f40a42f6af689896e35,holger krekel,2011-07-07 21:24:09 +0200,,testing/test_terminal.py,13,0
6a523b4f59a04a061b27e90211c025c5cc0a0485,Benjamin Peterson,2011-07-07 09:43:39 -0500,,testing/test_runner_xunit.py,1,1
c13fa886d946e3fb87fdd2884883048e8e35389a,Benjamin Peterson,2011-07-06 23:24:04 -0500,,testing/test_assertion.py,0,8
491f58ab26e755b5f1f60d32fe7602d14b6934c8,holger krekel,2011-07-06 21:44:57 +0200,,setup.py,4,2
92f8eef8361349eae1d54b83721a1c943bf55f13,holger krekel,2011-07-06 10:18:11 +0200,,setup.py,1,1
758b5e3511e8208b8c875cf2938c12c8dca37f4f,holger krekel,2011-07-05 21:23:59 +0200,,setup.py;testing/test_nose.py,1;16,1;0
e91dc7c8957d1a9875cc9e034fe575c79b5ad4b7,holger krekel,2011-07-05 19:14:38 +0200,,setup.py,2,2
d105e75d8714d6208d33a482053ed9020320cbdd,holger krekel,2011-07-05 18:01:31 +0200,,setup.py,1,1
46950ef19a5de80ee4cfceb796e1078e1f052a70,holger krekel,2011-07-05 17:29:53 +0200,,setup.py;testing/test_assertion.py,1;7,1;13
407ca5b120741bff8b2dd8974b81952404ddc55d,holger krekel,2011-07-05 15:21:08 +0200,,setup.py;testing/test_assertion.py,1;1,1;0
a4fe63c08d1f88f645819967468175f081efe314,Benjamin Peterson,2011-07-03 19:28:48 -0500,,testing/test_assertion.py,6,3
ae8ee08ac01ca68d6298d1c0997d37f11d5fc843,Benjamin Peterson,2011-06-29 13:28:04 -0500,,testing/test_assertion.py,1,1
aa7f7a1c717b2abad696ea829ccbfb15e556fba5,Benjamin Peterson,2011-06-29 09:44:04 -0500,,testing/test_assertion.py,2,2
48b76c754450def14fa18efd4761d2caad29c21c,Benjamin Peterson,2011-06-28 21:13:12 -0500,,testing/test_assertion.py,3,2
f286a0258277e10dad24e8d7e3f05f64f719c60f,Benjamin Peterson,2011-06-28 20:21:22 -0500,57,testing/test_assertrewrite.py,8,1
c6e3606c6bb70968f537337aed739ccb7ce5a070,Benjamin Peterson,2011-06-28 10:39:11 -0500,58,testing/test_assertrewrite.py,7,0
8e81ed693a8ddc9bd9e54f39296de39178f9799f,Benjamin Peterson,2011-06-12 22:41:58 -0500,,testing/test_assertrewrite.py,6,12
2618e3640fa6ea5e0bef02003dc04a35d8e9c87c,Benjamin Peterson,2011-06-03 22:11:00 -0500,,testing/acceptance_test.py;testing/test_terminal.py,1;1,1;1
ce1b4567620af3ae64c4d9d605a1ac697a3a40df,holger krekel,2011-06-01 15:08:54 +0200,,setup.py,2,2
e3b27926770ebc9b5127c7a987f67f39dade6224,holger krekel,2011-06-01 14:54:34 +0200,,testing/acceptance_test.py,13,0
67859158d4257095a2a86be71f9474e2d6c0ade1,holger krekel,2011-06-01 08:03:06 +0200,,testing/test_mark.py,5,0
5dfce4a0caf9ee486a9ad88c30a77cfe05752b40,holger krekel,2011-06-01 08:00:12 +0200,,setup.py,4,4
6c90059342fe0c837130c2ba2449b85373df77dc,holger krekel,2011-05-31 15:21:08 +0200,,setup.py,2,2
8bc9fdc8d37fee7d2360cc89db7bf10db9914859,holger krekel,2011-05-29 09:21:48 +0200,,testing/test_doctest.py,1,1
5e311d3bfc6b02465fd5ef097bcde28f5c6ce310,holger krekel,2011-05-29 00:45:31 +0200,,testing/test_junitxml.py,1,1
5498fe960f4b2b026a63434c8e8a3503a1ef4931,Ronny Pfannschmidt,2011-05-28 19:00:23 +0200,,testing/test_junitxml.py,1,1
4c885cf0d2b2a6ddb593aa82d22a581d5fa0e8e8,Ronny Pfannschmidt,2011-05-28 17:36:38 +0200,,testing/test_junitxml.py,1,1
326b63adf82b8f8f6d3cdd243f306733051e938c,Benjamin Peterson,2011-05-28 10:02:51 -0500,,setup.py,2,2
70dc7a976d9af78f51df89e8c3d9f569fb0f633e,Ronny Pfannschmidt,2011-05-28 16:52:05 +0200,,testing/test_junitxml.py,2,2
410438f1873552ff095b9baa1d40d572f468cd7d,holger krekel,2011-05-28 14:38:15 +0200,,testing/test_doctest.py,15,0
8dc4e732f073354039e0ea7bfa4446c94025c6ca,holger krekel,2011-05-28 14:03:10 +0200,,setup.py;testing/test_junitxml.py,1;12,1;0
56b40ebd75f6c63457b4ce451872c00ea17730d3,Ronny Pfannschmidt,2011-05-27 07:54:03 +0200,44,testing/test_junitxml.py,14,1
971f34147ad144f23e840e8f1fe6f6a62dce170b,Benjamin Peterson,2011-05-26 20:06:11 -0500,,testing/test_assertion.py,4,0
7cf8afef477176df4b4853daa735d9db8d45cc6c,Benjamin Peterson,2011-05-26 18:10:49 -0500,,testing/test_collection.py,1,1
c4d761fe993699725a80adbb36c32c881d2d33ed,Benjamin Peterson,2011-05-26 16:50:04 -0500,,testing/test_collection.py,7,7
d438a0bd83f562d78590934ab424431503a53905,Benjamin Peterson,2011-05-26 14:34:27 -0500,,testing/test_assertion.py,25,3
250160b4b061e98d77db6e03c673c8c2ddac2722,Benjamin Peterson,2011-05-26 12:01:34 -0500,,testing/test_assertion.py;testing/test_assertrewrite.py,5;11,5;11
f423ce9c016aff0d84c4a68f6d972833d032181e,Benjamin Peterson,2011-05-25 17:54:02 -0500,,testing/test_assertion.py;testing/test_assertrewrite.py,6;5,5;4
491c05cea7d339ea83d5f035bcf407632589e5f7,Benjamin Peterson,2011-05-25 16:18:45 -0500,,testing/test_assertrewrite.py,1,1
c0910abf2f37e7cc1f41e14099298086d0774090,Benjamin Peterson,2011-05-24 18:30:18 -0500,,testing/test_assertrewrite.py,1,1
fa412675fc003f2540b8f3dc63894fcf9bf91af3,Benjamin Peterson,2011-05-24 18:28:05 -0500,,testing/test_assertrewrite.py,1,1
0bb84abca7d933b712afab8a5b11d379c1e74571,Benjamin Peterson,2011-05-24 18:15:08 -0500,,testing/test_assertrewrite.py,14,0
f5decc90ca1b965fd27c9b94d34da0417876133d,Benjamin Peterson,2011-05-24 17:52:17 -0500,,testing/test_assertion.py,7,0
76cede83c0a4bfbe099b8df5ab23b79976c45d6a,Benjamin Peterson,2011-05-24 17:30:35 -0500,,testing/test_assertrewrite.py,8,0
9c4f6791e5a545c2fc53f68ef9e3ce031fa6842b,Benjamin Peterson,2011-05-24 17:21:58 -0500,,testing/test_assertrewrite.py,6,0
7ba8fee3dc61233d6a1d9c23192b266ab978b156,Benjamin Peterson,2011-05-20 09:44:36 -0500,,testing/test_assertrewrite.py,9,6
aae89cd02175418ec51fa06da959a9d63bdb0442,Benjamin Peterson,2011-05-19 18:56:48 -0500,,testing/test_assertrewrite.py,5,0
9e6dfaefd9ceba878538e3f5c785e0e39c0e17e9,Benjamin Peterson,2011-05-19 16:53:13 -0500,,testing/test_assertrewrite.py,26,2
c742e47de03965455d1477eb2fc0cd88594ac3ba,Benjamin Peterson,2011-05-18 15:31:10 -0500,,testing/test_assertrewrite.py,195,0
95ddd5059f1766ba4ea8a64cd86cd74d11c6a389,holger krekel,2011-05-13 09:57:35 +0200,,setup.py,1,1
07e870dc1494b923b6f6588330598164c391612e,holger krekel,2011-05-11 11:54:30 +0200,,setup.py,1,1
ee53b1f591211fda9c909f36cfa15027c8a67419,holger krekel,2011-05-11 11:23:46 +0200,,setup.py,1,1
420bbfd9a93370c875ecef39cfb7f4995311477f,holger krekel,2011-04-17 23:09:13 +0200,,setup.py,1,1
942ae47cd133d8b4d7e89ab5ecc7832b4558eddd,holger krekel,2011-04-17 12:20:13 +0200,,setup.py;testing/acceptance_test.py;testing/test_assertion.py,1;13;2,1;0;1
06ca7090f9ff6024ced4ed012ee07f773f7aefa1,holger krekel,2011-04-17 12:20:11 +0200,,testing/acceptance_test.py,20,0
1c1918eb222ba4ed04aeb221f4e8580e4b62a39a,Floris Bruynooghe,2011-04-16 00:09:25 +0100,,testing/test_junitxml.py,68,0
60ff2e85290072554256bf977e4cd5c0553908b8,Floris Bruynooghe,2011-04-11 23:15:56 +0100,,testing/test_pytester.py,10,0
3a9788fc6f19c53e665e7bdcb4c43907d0320a27,holger krekel,2011-03-19 17:59:07 +0100,,setup.py;testing/test_junitxml.py,1;20,1;0
ed6d2537bc08e052fcc2fd0084bbf8bb8f50f4ac,holger krekel,2011-03-16 16:36:18 +0100,,setup.py,1,1
a9f1f26a39d782d3ffc7a28ac18697eafe8c5601,holger krekel,2011-03-12 20:12:19 +0100,,setup.py,2,2
a7131dc911830e6009ebccaa213c7a8d9b53400b,holger krekel,2011-03-11 15:43:24 +0100,,setup.py,2,2
007f0daeb9377850a3e73d6aa40c705b1f720f48,holger krekel,2011-03-09 10:58:36 +0100,,setup.py,1,1
1a7c6ecc429d82248420b0561f0f83d8730f0f82,holger krekel,2011-03-08 13:37:00 +0100,,testing/test_terminal.py,16,1
f2670651b3444a87f52a450b136ec63de5a5519e,holger krekel,2011-03-07 18:28:45 +0100,,setup.py,1,1
5470cadbff5c7b543a3bb4f3cbc9a5c6535c87a7,holger krekel,2011-03-07 13:17:07 +0100,,setup.py,1,1
c552b58dc5e2f1cba7c1e8db9e2d666aeff78db9,holger krekel,2011-03-06 18:32:00 +0100,,setup.py;testing/acceptance_test.py;testing/test_collection.py;testing/test_terminal.py,1;3;2;28,1;1;0;47
5bef795ba77fd41570ee76eb4f71399849f98a36,holger krekel,2011-03-05 18:22:33 +0100,,setup.py,1,1
a6c518e68c2aeb264b4aa87d0308670f5a8e3136,Ronny Pfannschmidt,2011-03-05 17:49:51 +0100,,testing/test_unittest.py,12,0
7e44c38570540bab1b9425dfeb245872a9d342a9,holger krekel,2011-03-05 14:59:06 +0100,,testing/test_skipping.py,1,0
07cee241226532a6d278d89c6e2a5af0ac94234f,holger krekel,2011-03-05 14:16:27 +0100,,testing/test_collection.py,0,5
318e8a404be53763ac952515ca78af041878a1a0,holger krekel,2011-03-05 12:11:35 +0100,,setup.py,1,1
070c73ff2f8cad56bde41eaae9ea49876d213951,holger krekel,2011-03-03 23:22:55 +0100,,setup.py;testing/test_skipping.py,2;30,2;0
682773e0cb0b39e507b89e1cc631592a4420d17b,holger krekel,2011-03-03 12:19:17 +0100,,setup.py;testing/test_skipping.py,2;28,2;0
6f3b84da9f4447b481a44763be6641c514ec9a73,holger krekel,2011-03-02 18:03:43 +0100,,setup.py,1,1
2f2586af72dc7ca4b44556b439da0a59034240e6,Floris Bruynooghe,2011-02-15 23:24:18 +0000,,testing/test_assertion.py,4,0
2bd0c98801006b9975502e13a17f11585df8481c,holger krekel,2011-02-07 11:54:08 +0100,,setup.py,2,2
74b9ebc1cd4189944f694bfdec971671910aa395,holger krekel,2011-02-07 11:09:42 +0100,,testing/test_collection.py,15,0
3004fe3915223598c6af5c0a9ce0156d63532e29,holger krekel,2011-02-04 23:20:27 +0100,,testing/acceptance_test.py,1,1
eb225456d7b5dac8c90fb5394f7262428e9bbd16,holger krekel,2011-02-04 22:51:05 +0100,,testing/acceptance_test.py,1,1
35b0b376f063d783f9937563f92180ef47ed1a46,holger krekel,2011-02-03 15:14:50 +0100,,setup.py,2,2
762ea71f676cc52819d63be3dfee47b424a05586,holger krekel,2011-01-27 21:11:21 +0100,,setup.py;testing/acceptance_test.py,2;6,2;0
adacd3491d74592f5f6be410106903fb302cc825,holger krekel,2011-01-27 11:36:12 +0100,,testing/test_assertion.py,1,2
d8d88ede6550a9533b7a0371f76fb12e65b22c83,holger krekel,2011-01-18 12:51:21 +0100,,setup.py;testing/test_capture.py,2;34,2;0
88cfaebbcbdd80bc01ad44834a1bb37bfa2c38e6,holger krekel,2011-01-12 19:39:36 +0100,,setup.py;testing/test_config.py;testing/test_helpconfig.py,1;2;12,1;0;1
444568528548333704772fcfb960af734ad944fc,holger krekel,2011-01-12 18:57:40 +0100,,testing/test_assertion.py,1,1
647b56614ab709159f322e034b0fe31f98d40f9e,holger krekel,2011-01-12 17:21:11 +0100,,setup.py,2,2
1b3fb3d2292ed2dd046f1721cce9128aa4317112,holger krekel,2011-01-11 17:27:34 +0100,,setup.py;testing/test_nose.py,1;21,1;18
170c78cef9c21609976588cb49ce72e7c5183216,holger krekel,2011-01-11 15:54:47 +0100,,testing/test_conftest.py,0,15
8631c1f57a89b5ceaaf553f58b89a5820df9bf41,Floris Bruynooghe,2010-12-10 01:03:26 +0000,,testing/test_assertion.py,5,0
821f493378a12505167faef699ccd5b378c70371,holger krekel,2010-12-09 11:00:31 +0100,,testing/acceptance_test.py;testing/test_assertion.py,6;11,0;0
a15983cb33605eb2efe4024d0f5b0d744358afbe,holger krekel,2010-12-07 12:34:18 +0100,,setup.py;testing/test_config.py,1;1,1;1
9ab256c296a18184ea99c605fa05616a49b90e11,holger krekel,2010-12-07 12:18:24 +0100,,setup.py;testing/test_config.py,1;9,1;2
7db9e98b55b15951221267f5639f1a395f19d008,holger krekel,2010-12-07 12:14:12 +0100,,testing/test_config.py,11,1
e6541ed14e945d8f49e91268b2c5fcc85b766df9,holger krekel,2010-12-06 19:01:50 +0100,,setup.py,1,1
fc4f72cb1ffd600803c1872a11cbf28f4b70e847,holger krekel,2010-12-06 19:00:30 +0100,,testing/test_doctest.py,8,11
513482f4f7d2a96c76167a388e38923e7e84c7bb,holger krekel,2010-12-06 18:20:47 +0100,,testing/test_skipping.py,31,0
2e80512bb8a04f141a34fc6586b3518774954193,holger krekel,2010-12-06 16:56:12 +0100,,testing/test_capture.py,20,0
c7531705fcf2a1faa9dff9b8281eedf419889fb7,holger krekel,2010-12-06 16:54:42 +0100,,testing/acceptance_test.py;testing/test_collection.py;testing/test_config.py;testing/test_resultlog.py;testing/test_session.py,1;1;14;2;2,1;1;1;2;2
d894bae281174471dd46c24b545ad0cd939143f0,holger krekel,2010-11-26 13:37:00 +0100,,setup.py,3,3
f741d6a01ee5441e957b577abf6b7b712fdb1250,holger krekel,2010-11-25 21:02:09 +0100,,setup.py,2,2
b622c85bbf7d1ae82ec6bd00de85b0803c19c603,holger krekel,2010-11-25 20:06:42 +0100,,setup.py;testing/test_capture.py,1;1,1;0
9e7ef58cfd1bbb91dd2e051322e583aeeffdf7d6,holger krekel,2010-11-25 16:36:25 +0100,,setup.py,1,1
f6894ce5500d2a5b131461e7f201e679350de5fe,holger krekel,2010-11-25 15:48:59 +0100,,testing/test_unittest.py,26,3
1df0eaa387a513c02271c88d07013d11c4dbc484,holger krekel,2010-11-25 12:11:10 +0100,,setup.py,1,1
539f828cdd672d288949f46dd81008e79f90f434,holger krekel,2010-11-24 16:43:55 +0100,,testing/test_runner.py,5,1
c36b20b137d37ef433b8cc765881293b50159183,holger krekel,2010-11-24 16:17:49 +0100,,setup.py;testing/test_unittest.py,1;60,1;54
10d4544267254a2bb881e8d54ea2436602e74d3d,holger krekel,2010-11-24 14:35:04 +0100,,testing/test_unittest.py,43,3
ff27d299cc50211de9596d3e1f1474508d588897,Maciej Fijalkowski,2010-11-24 15:06:40 +0200,,testing/test_unittest.py,11,5
233baecd2dee3f3098edfaec3b21f16443d2d60c,Maciej Fijalkowski,2010-11-24 14:54:56 +0200,,testing/test_unittest.py,32,0
9be1cd80070132dec423dc394866ec6b98f66b0e,holger krekel,2010-11-24 11:48:55 +0100,6,setup.py;testing/test_unittest.py,1;104,1;0
b40a0c18b142a33714fc9ba8205cb8da48403404,Benjamin Peterson,2010-11-23 20:32:07 -0600,,bench/bench.py;bench/empty.py,1;2,1;2
840eed28be22a52726a7c1ca5ece72f67404fc69,holger krekel,2010-11-24 00:23:39 +0100,,setup.py;testing/test_unittest.py,1;21,1;1
4accc4aa68bc526e33a3d75755ea3bd2860a4075,holger krekel,2010-11-23 19:11:21 +0100,,setup.py,2,2
11e8e5570ebc7ddbbf92da79b4b4e1ea361a02c3,holger krekel,2010-11-23 17:21:34 +0100,,setup.py,3,3
4fa7a2e8ceaa8819964ecfc0a44665f78b4d0fb3,holger krekel,2010-11-23 16:10:47 +0100,128,setup.py;testing/test_pdb.py,1;8,1;0
695bffc83d5bc5e89cdf1b20667f7846c979c750,holger krekel,2010-11-23 15:42:23 +0100,,testing/test_runner.py;testing/test_unittest.py,11;62,0;0
6e6b0ab5d9df01fbd327229ef2bdbcdb23490e1c,holger krekel,2010-11-22 15:20:18 +0100,,testing/test_pytester.py,1,1
0357d3afdad59d4b208c9983468bf5d48c5f92e2,holger krekel,2010-11-22 11:59:56 +0100,,testing/test_skipping.py;testing/test_terminal.py,0;0,2;1
bc42cf8ffbc72a702b3e4e1dd040d39138e1b715,holger krekel,2010-11-21 23:17:59 +0100,,setup.py;testing/test_capture.py,1;10,1;0
f456e376b99722f8e094ac52698e0fa9252ae686,holger krekel,2010-11-21 17:43:18 +0100,,testing/acceptance_test.py;testing/test_config.py;testing/test_tmpdir.py,0;0;49,10;27;1
bd5a9ba3921ab92e036eaeb9832e176d3e93b300,holger krekel,2010-11-20 20:17:38 +0100,,testing/test_mark.py,16,1
9a21a81740008c8c82adf74d87eb3be49ad92c8e,holger krekel,2010-11-20 18:03:18 +0100,,setup.py,1,1
5a2295ada518fbfb597f07c76d773385cc46171e,holger krekel,2010-11-18 15:19:20 +0100,,bench/bench.py,9,8
582486d5314e5785b3a36df8466d49afaf37ab47,holger krekel,2010-11-18 14:56:16 +0100,,testing/acceptance_test.py;testing/test_collection.py;testing/test_mark.py,3;4;4,4;4;0
a698465487a9cd92e8223d7f9be0e7710272f8ca,holger krekel,2010-11-17 22:12:16 +0100,,testing/acceptance_test.py;testing/test_assertion.py;testing/test_capture.py;testing/test_collection.py;testing/test_config.py;testing/test_conftest.py;testing/test_doctest.py;testing/test_helpconfig.py;testing/test_junitxml.py;testing/test_mark.py;testing/test_monkeypatch.py;testing/test_nose.py;testing/test_parseopt.py;testing/test_pastebin.py;testing/test_pdb.py;testing/test_pytester.py;testing/test_recwarn.py;testing/test_resultlog.py;testing/test_runner.py;testing/test_runner_xunit.py;testing/test_session.py;testing/test_skipping.py;testing/test_terminal.py;testing/test_tmpdir.py;testing/test_unittest.py,6;2;9;2;10;6;2;2;9;26;5;1;4;4;16;6;4;11;19;4;9;60;13;1;4,6;2;9;2;10;6;2;2;9;27;5;1;4;4;16;5;4;10;19;4;9;60;13;1;4
93a436542c69ea27cd1799266bb49f3f6d4fe7a2,holger krekel,2010-11-17 18:27:07 +0100,,setup.py,1,1
2a825169b22ef62a078f2cbf127d9b0f454ebd16,holger krekel,2010-11-17 18:24:28 +0100,,testing/acceptance_test.py;testing/test_collection.py,19;40,0;4
acd286f82fac4eba30c3cf26f4281e39330340ca,holger krekel,2010-11-17 14:33:21 +0100,,testing/test_doctest.py,3,3
fb102a2ddb1b39ff60c2e46c21c3b193bedde95b,holger krekel,2010-11-17 12:21:24 +0100,,setup.py;testing/acceptance_test.py,1;1,1;0
82ba645a2ec1c64a588c58d1b12239136ee4b99f,holger krekel,2010-11-13 21:03:28 +0100,,setup.py;testing/test_runner.py;testing/test_skipping.py,1;7;7,1;2;8
1bc444d5c8177cb7e1f2f8c14d8cd232aac54201,holger krekel,2010-11-13 19:46:28 +0100,,setup.py,1,1
929291775e38b32da89767e7016aa5736fa0ec69,holger krekel,2010-11-13 11:10:45 +0100,,setup.py;testing/acceptance_test.py;testing/test_collection.py;testing/test_config.py;testing/test_conftest.py;testing/test_parseopt.py,3;20;1;1;2;1,2;13;1;1;2;1
2e4e9eb7457622a498412301698d829329a01da9,holger krekel,2010-11-13 09:05:11 +0100,,setup.py;testing/acceptance_test.py;testing/test_collection.py;testing/test_conftest.py,1;33;32;1,1;22;32;1
3a53d86988fb6e5ef9918d579c35ea39a3f1eb9a,holger krekel,2010-11-07 16:26:44 +0100,,setup.py,1,1
55dff651f48c9b5ae65a0a1d6c6e4d7d36eae049,holger krekel,2010-11-07 16:10:22 +0100,,testing/test_config.py,24,0
6461295ab400c52e640d47bd60aa3146374af3c0,holger krekel,2010-11-07 10:19:58 +0100,,setup.py;testing/test_collection.py,1;14,1;13
722e20c7d68549ef846dc7b9c304fee4e29d7fed,holger krekel,2010-11-07 09:05:54 +0100,,setup.py,1,1
582a2100b1975db084f10530de28355d306b4a39,holger krekel,2010-11-07 07:14:50 +0100,,setup.py;testing/acceptance_test.py,1;1,1;0
d9ad2e7cce17e39801a6d4c97fa64fcb5e63c450,holger krekel,2010-11-07 01:10:15 +0100,,testing/acceptance_test.py;testing/test_collection.py;testing/test_config.py,6;0;11,1;2;0
8716b391c74f7d252169498b4fac9bfa215cdbdf,Benjamin Peterson,2010-11-06 18:36:24 -0500,,testing/acceptance_test.py,1,1
885c7ce2813a4a2b833da966f4de1750eb714879,holger krekel,2010-11-07 00:22:16 +0100,,testing/acceptance_test.py;testing/test_collection.py,2;13,1;0
d0ac4135a2db958965e711c2aaa5cce637b784ba,holger krekel,2010-11-06 23:45:48 +0100,,testing/acceptance_test.py,16,0
707775dcfa9a0fff05bd465fb91ec759fdaa66af,holger krekel,2010-11-06 22:17:33 +0100,,setup.py;testing/acceptance_test.py,1;21,1;0
6dac77433eb139247f94ac07c6caf6784b341a70,holger krekel,2010-11-06 09:58:04 +0100,,setup.py;testing/acceptance_test.py;testing/test_collection.py;testing/test_config.py,2;24;345;1,2;5;114;1
d10823509537b011f1dc59413f547a8cc061a513,holger krekel,2010-11-05 23:37:31 +0100,,setup.py;testing/acceptance_test.py,2;81,2;44
6a734efe4400187dff682c3baa1cc2267981957d,holger krekel,2010-11-05 23:37:31 +0100,,testing/test_config.py;testing/test_pluginmanager.py,8;66,0;1
bb732a4e750a735f69624999fde5ca961f892c69,holger krekel,2010-11-05 23:37:31 +0100,,testing/test_config.py,18,0
fed8f19156b41a34f3b6791d323ace49b81c048e,holger krekel,2010-11-04 23:21:26 +0100,,testing/test_config.py,17,0
7d495cc2507b3e2ff8172b7f984804bd02fd29c2,holger krekel,2010-11-01 23:08:16 +0100,,setup.py,1,1
53d1cfc3a1f002a25eb3635946b6415a6c810951,holger krekel,2010-11-01 09:20:58 +0100,,setup.py;testing/test_pluginmanager.py,1;1,1;1
32ac7a7c6ecaaf21fde64e4997345a95367fd939,holger krekel,2010-11-01 08:55:14 +0100,,setup.py;testing/test_config.py,1;5,1;1
85c24b7fa1f83ef2abc8bca2293c38080e4a2cd5,holger krekel,2010-11-01 08:16:10 +0100,,setup.py;testing/acceptance_test.py;testing/test_config.py,1;5;3,1;0;0
cf8dd6470306732c1ea5de12390f88a737ea7360,holger krekel,2010-11-01 01:01:31 +0100,,setup.py,1,1
c3ec2718a2969beb0059099d61b5f928ed5013a5,holger krekel,2010-11-01 00:38:44 +0100,,testing/test_pluginmanager.py,4,4
f1e3dde2ec35dc75e336c8a6d22f3b0d47a62653,holger krekel,2010-10-31 19:53:11 +0100,,setup.py,2,2
8871ca5bfa0d48a38994903f6b35d480bcc649fd,holger krekel,2010-10-31 19:51:16 +0100,,bench/bench.py,1,1
23f8d8bce77d58b6694283441d7001b7707e3b58,holger krekel,2010-10-31 19:01:46 +0100,,testing/test_pluginmanager.py,12,0
35969e13aeb0dc25126102ae543ab8978448ee48,holger krekel,2010-10-31 18:46:10 +0100,,testing/test_pluginmanager.py,0,5
c92365f8ddc89c8021e58671d409980eb029513a,holger krekel,2010-10-31 18:18:24 +0100,,setup.py,2,2
7138df5b5107055540d104927976d0a35806cf7a,holger krekel,2010-10-31 18:06:11 +0100,,setup.py,1,1
b6ec5a575db7e907784bffb1dfb67b61042822af,holger krekel,2010-10-31 17:41:58 +0100,,testing/test_config.py;testing/test_parseopt.py,33;0,3;11
1280041f0c1fe74219cbbbfca6b13c27c6d2dbeb,holger krekel,2010-10-30 19:23:50 +0200,,testing/test_parseopt.py,13,0
c9e629c870a343c9bfefedd508376563e57c1783,holger krekel,2010-10-27 22:29:01 +0200,,testing/test_config.py;testing/test_parseopt.py,1;2,36;2
b86b1628bb53a2feb3bf66042084b01f8d49534c,holger krekel,2010-10-27 19:35:27 +0200,,testing/acceptance_test.py;testing/test_config.py,2;46,1;0
90c1084a882aca077b969600324d0eb09efd0a90,holger krekel,2010-10-26 09:11:53 +0200,,setup.py,1,1
5fc87acf9b3e2f7edbc2f387e98d9fe4a9429a49,holger krekel,2010-10-25 23:09:21 +0200,,setup.py,1,1
44804011190bb8eb063b3cb5af972cf3450f24f1,holger krekel,2010-10-25 23:08:56 +0200,,setup.py,1,1
603ff3a64fc9133cb454c883475fb12857df3e1e,holger krekel,2010-10-24 23:43:35 +0200,,setup.py;testing/acceptance_test.py,1;3,1;0
b4210f3ae00a1be4157b6a0ddccbc119d0919445,holger krekel,2010-10-24 23:26:14 +0200,,setup.py;testing/acceptance_test.py,1;10,1;2
6cddd7e793aac49962c52a0b10c152a938f02e14,holger krekel,2010-10-23 15:42:53 +0200,,setup.py,2,3
1999180dfd90981ef82d57c7eae981d919af00e2,holger krekel,2010-10-22 12:00:17 +0200,,setup.py,1,1
dc5e2f5ed316e8fc873e1944cbf3ff3dbb72ae2e,holger krekel,2010-10-21 12:18:10 +0200,,setup.py,1,1
5a0ef7355e6329cbf20ef9c6bf7e1cd305899fe1,holger krekel,2010-10-15 16:36:25 +0200,,bench/bench.py;bench/empty.py,9;3,0;0
1b7d2b07aba9edbc2bf67fef5d461a486b098119,holger krekel,2010-10-15 00:54:25 +0200,,setup.py,5,9
9925ac883ee839f89024f5b02e6da961b6fb9711,holger krekel,2010-10-13 18:45:07 +0200,,testing/test_conftest.py,21,0
f3fb91e296ab3a29c1178a6046618c37d840cca5,holger krekel,2010-10-13 18:41:53 +0200,,testing/test_parseopt.py,2,9
17719b99a1ee638e38d4a34e270b746e1981cfd0,holger krekel,2010-10-13 12:26:14 +0200,,testing/acceptance_test.py,16,0
3a5d28f3fe9ea2d02accd6435cdc265f667c3f7f,holger krekel,2010-10-13 11:12:27 +0200,,testing/test_pluginmanager.py,53,50
04c41cb672a25878eec06821bda7801f89a70481,holger krekel,2010-10-12 15:34:32 +0200,,testing/test_conftest.py;testing/test_parseopt.py,1;1,1;1
66314471617e11ec594b37ff0289e08dd5f482dc,holger krekel,2010-10-12 12:54:32 +0200,,testing/test_conftest.py;testing/test_parseopt.py;testing/test_pluginmanager.py,1;2;5,1;2;8
6efc6dcb623ddca337f50850d5a84e4844b5251d,holger krekel,2010-10-12 12:19:53 +0200,,testing/test_pluginmanager.py,9,0
eee0e143341179a14c96af980ca14d01696de769,holger krekel,2010-10-11 01:14:40 +0200,,testing/test_collection.py,1,1
7a461a2f3bf64a1399e3c047bc6de11ba4487f65,holger krekel,2010-10-10 14:46:57 +0200,,setup.py,1,1
652d0ca636db2e6b69b39844c3375ade876f27de,holger krekel,2010-10-10 13:48:49 +0200,,setup.py,1,0
32fce348259feab0248df28db9da84cd7b2fffaa,holger krekel,2010-10-10 13:48:49 +0200,,testing/test_config.py;testing/test_conftest.py;testing/test_parseopt.py;testing/test_pluginmanager.py,0;1;1;3,7;1;1;3
51bb0f53c546c6afce13f4040385fb7913df7974,holger krekel,2010-10-10 13:48:48 +0200,,setup.py;testing/test_collection.py;testing/test_conftest.py,1;1;10,1;1;0
d1aff902d58adf9d515e7c773b31b95ebfd8fcc7,holger krekel,2010-10-07 11:59:00 +0200,,setup.py;testing/code/test_code.py;testing/code/test_excinfo.py;testing/code/test_source.py;testing/test_collection.py;testing/test_conftest.py;testing/test_parseopt.py;testing/test_pluginmanager.py,9;0;0;0;1;1;1;5,29;106;715;424;1;1;1;5
f488da5cc84c00ea09c0188ee25f7ec4579d3ef3,holger krekel,2010-10-07 13:26:07 +0200,,testing/test_parseopt.py,1,1
fe54762b93a32955cb64df1bb215b7145ee7f183,holger krekel,2010-10-06 09:40:14 +0200,,testing/acceptance_test.py,7,3
eead8f9ab4638076702a5c62fb70b32e078f595b,holger krekel,2010-10-05 17:52:32 +0200,,testing/acceptance_test.py,8,0
cebcdb83cfc6b2ea9ce6b4c4b6bd8efbf871e02b,holger krekel,2010-10-05 17:21:41 +0200,,testing/test_pluginmanager.py,15,0
f6da7ea0a5c122b34214c77bcf34d1d8898c9cb9,holger krekel,2010-10-04 16:55:03 +0200,,testing/test_collection.py,15,18
29051458fce1ea2c4eabde7cecc2385d89a2294a,holger krekel,2010-10-04 16:19:01 +0200,,testing/acceptance_test.py,25,28
e2c11f1ddb1e64c9a154b59c0af5b3afe7833e01,holger krekel,2010-09-28 17:37:20 +0200,,testing/code/test_source.py,1,1
a60e470573a3c8330d3eb91c357aa11c6574a933,holger krekel,2010-09-28 15:24:36 +0200,,testing/acceptance_test.py,20,0
1c020c3d32ebf0cd008271462b6bbc12a77db2d9,holger krekel,2010-09-26 16:23:44 +0200,,testing/test_collection.py;testing/test_session.py,8;3,8;3
7d1585215df4cb629b94c3f247dff5ef213b6251,holger krekel,2010-09-26 16:23:43 +0200,,testing/test_collection.py;testing/test_pluginmanager.py,1;13,1;0
e2683f4538d8faf663be5acc3874051c3486adde,holger krekel,2010-09-15 10:30:50 +0200,,setup.py;testing/acceptance_test.py;testing/test_collection.py;testing/test_config.py;testing/test_session.py,1;30;314;0;5,1;2;0;230;10
79734420df5da760a383ec80a062018cc331f3f6,holger krekel,2010-09-14 16:18:06 +0200,,setup.py,5,1
af412d993c62733cb61e0ba8c91a96b19baea1ea,holger krekel,2010-09-14 15:43:00 +0200,111,setup.py,2,2
6f40441ef854d0ae31f8bebff9f59898afcd282f,holger krekel,2010-09-08 18:29:26 +0200,,testing/code/test_excinfo.py,5,1
2b59200786441646a99ff7dfc1a7c5251e305bdf,Ronny Pfannschmidt,2010-09-08 12:00:36 +0200,,testing/code/test_excinfo.py,9,0
c17bb32f70fb9f05dcfdb2c7072edc956b01b3f6,holger krekel,2010-09-07 10:03:11 +0200,,testing/test_pluginmanager.py,4,0
31c91796c6f9661024704a7916116f98488b25c0,holger krekel,2010-08-01 20:44:11 +0200,,setup.py,1,1
8f2b0d0889dba94c14eec702a9e275c3eb9875d4,holger krekel,2010-08-01 20:43:02 +0200,,testing/acceptance_test.py,16,0
365459295967b317b1c3765b2692ed29c3d10d95,holger krekel,2010-07-30 15:06:50 +0200,,setup.py,1,1
efeae72509ab24d74b6e9a9631e23a03afdcbe18,holger krekel,2010-07-29 12:55:39 +0200,,testing/code/test_source.py,7,0
677f7c0a6a9e0064c4136a677db36e0f517b6863,holger krekel,2010-07-26 21:15:15 +0200,,setup.py;testing/acceptance_test.py;testing/code/test_code.py;testing/code/test_excinfo.py;testing/code/test_source.py;testing/test_config.py;testing/test_pluginmanager.py;testing/test_session.py,3;5;8;64;30;40;32;29,3;5;8;64;30;40;32;29
ed8e24312c22e0716750698335544df4d0e0be12,holger krekel,2010-07-26 13:13:10 +0200,,setup.py,1,1
eddd16d9fdd0e7872fb83dbe9ce6ea5942c27a42,holger krekel,2010-07-07 15:41:28 +0200,,setup.py,1,1
b28c439494123bd74a345d7eb7bf620298487081,holger krekel,2010-07-04 22:13:12 +0200,,testing/code/test_source.py,1,1
f9c5b00ffa4652726a0a4d2d80e257679cb85e7a,holger krekel,2010-07-04 17:06:50 +0200,,testing/test_session.py,1,1
2f50ed3e99c3e1e566c6ce8514cfa7077cf1f8c2,holger krekel,2010-06-28 11:59:12 +0200,,setup.py,3,3
10b8de060a87b8a910a12c5b6b8fe652c63c13c0,holger krekel,2010-06-06 19:08:22 +0200,,testing/code/test_source.py,19,3
b66b5e2715c098338bc8f6461c41dc48d78c29fb,holger krekel,2010-05-26 18:55:50 +0200,,setup.py,1,1
c953c7d31315850077c13ee64554c2ae7cb45e01,holger krekel,2010-05-25 16:52:09 +0200,,testing/test_session.py,10,0
545aab85f246f9b96499bf4032a6b2af75f23874,holger krekel,2010-05-22 17:11:30 +0200,,setup.py,1,1
29a5b7452e80ba528eddb6fb0eb1a00ae733457b,holger krekel,2010-05-22 16:18:24 +0200,,testing/code/test_excinfo.py,10,10
578cba20d42d98a4d9348ebc06bd82a8b3e9364c,holger krekel,2010-05-21 16:42:46 +0200,,testing/code/test_source.py,14,0
2229d2d9470ab5bb882d85f6a92367be6419322f,holger krekel,2010-05-19 16:42:22 +0200,,testing/test_pluginmanager.py,0,26
c3bd29b49071ae2a39b5aedab2949524bf5a6864,holger krekel,2010-05-19 16:22:23 +0200,,testing/test_pluginmanager.py,26,0
f97e0825431819ac064bccef90118b686f868b2a,holger krekel,2010-05-14 15:25:24 +0200,,testing/code/test_source.py,2,5
91880ffc19da435c26d62dcde92b451d774f8cc3,holger krekel,2010-05-14 12:02:43 +0200,,testing/acceptance_test.py,42,0
169d8d1e54d4350469a1dab3cfabb581f7d8ddf3,holger krekel,2010-05-12 14:12:07 +0200,,testing/code/test_source.py,1,2
0cebee2d247913086b905a1daeba070e769bce6e,holger krekel,2010-05-12 10:30:34 +0200,,setup.py,1,1
379390a8aab7f20039346fe44e566232246598f5,holger krekel,2010-05-11 22:54:04 +0200,,testing/code/test_code.py;testing/code/test_excinfo.py;testing/code/test_source.py,0;0;3,75;1;11
8ba2a98e114f1a856d2777c52adc65899c69f2b2,holger krekel,2010-05-11 19:56:22 +0200,,testing/acceptance_test.py,16,0
ee036223ce186c030d63d856a2aa002098882f38,holger krekel,2010-05-05 19:50:59 +0200,,setup.py,1,1
325cb0aa499056ec233346db86b8c5d21c9888ce,holger krekel,2010-05-05 14:24:02 +0200,,setup.py,2,1
fd473d400226e847cd255510240d3df37baa9737,holger krekel,2010-05-02 16:36:53 +0200,,testing/test_pluginmanager.py,59,6
3efb8028fb6b2dff76457d0caadd0a52d29f8b9f,holger krekel,2010-05-02 15:06:20 +0200,,setup.py,1,1
5ece3858e4547039d5a425d1bdf9c58727fb2017,holger krekel,2010-04-29 14:17:07 +0200,,testing/code/test_code.py,0,38
d93016d85fd2d50c84efcaa27a5211b361b51c9f,Benjamin Peterson,2010-04-28 17:12:38 -0500,,testing/acceptance_test.py;testing/test_parseopt.py;testing/test_pluginmanager.py,5;1;1,5;1;1
22a50a5b88c31c2a4ac173449bc82fade081c81e,holger krekel,2010-04-28 15:24:38 +0200,,testing/code/test_code.py,17,1
78d33a2f287bd379ff7048b7b2de39c61b9ae25d,holger krekel,2010-04-28 08:42:56 +0200,,testing/test_config.py,2,2
d5e463605e3a8e746562121e72f11906b1f3909d,holger krekel,2010-04-27 21:13:09 +0200,,testing/test_config.py,4,3
8131f5bdc0f3b17371ec705c5723d9c3d0fb4b68,holger krekel,2010-04-27 15:49:13 +0200,,testing/test_config.py,1,0
c8d78177b9ec2c4eb449c387e8941244d8b5c7f9,holger krekel,2010-04-27 15:15:43 +0200,,testing/code/test_code.py,2,0
f6a04b92d213e60031708da6ef4c74c940913a0f,holger krekel,2010-04-27 12:23:13 +0200,,testing/code/test_code.py,7,0
221ac3e46650310a9ac52885e09e8db205a99742,holger krekel,2010-04-23 13:29:28 +0200,,testing/code/test_excinfo.py;testing/code/test_source.py,5;10,1;0
ff90b1b4fb3bfe683049aa8b0f2d21148155ad09,holger krekel,2010-04-22 16:51:42 +0200,,setup.py,1,2
85d35f74182dfe220bb9ded7e264e82990fa4153,holger krekel,2010-04-22 11:57:57 +0200,,setup.py,1,1
fe34a8a15a169a39100a0b65e25bc854707be9ad,holger krekel,2010-04-21 03:50:03 -0700,,testing/acceptance_test.py,1,1
222a08ec03e1ea3879d4f96c6fe02a8fdec2f3b9,holger krekel,2010-02-08 16:39:29 +0100,,setup.py,1,1
14feeb9ca153a9ca73f50fb01873e2afb3803acf,holger krekel,2010-01-21 19:34:42 +0100,,setup.py,1,1
55fcc5a219cef57ff6935480fcb3227978aeae7f,holger krekel,2010-01-18 12:12:18 +0100,,testing/code/test_excinfo.py,26,0
866255e1f50d47d94e2619ad309ede9dc80447ed,holger krekel,2010-01-18 11:19:59 +0100,,setup.py,1,1
0149771997f0ea5d9c3b23e739de689cd6c5694b,holger krekel,2010-01-18 03:04:20 +0100,,testing/code/test_excinfo.py,4,2
95de17b6525b5dcae237889e64c54c9942177331,holger krekel,2010-01-17 23:23:02 +0100,,testing/test_config.py;testing/test_session.py,129;0,0;5
6f0db1d193e9588685d42b63d32428ac04c136c3,holger krekel,2010-01-16 19:41:05 +0100,,testing/test_compat.py,0,53
030986dcc468de8b5a33ae276744791ad3cb1a40,holger krekel,2010-01-13 18:04:58 +0100,,testing/acceptance_test.py;testing/test_pluginmanager.py,2;2,2;2
9da1ba40edaef620a98f8bd93b0ad77ae263631c,holger krekel,2010-01-13 17:15:54 +0100,,setup.py;testing/code/test_code.py;testing/code/test_excinfo.py;testing/code/test_source.py;testing/test_compat.py;testing/test_config.py;testing/test_parseopt.py;testing/test_pluginmanager.py,9;2;1;5;2;4;1;4,10;2;1;5;2;4;1;4
40f41496d80146dbb1b0f6937b94dbf3d8481749,holger krekel,2010-01-13 16:00:33 +0100,,setup.py,0,2
ba1451330e93247cfea094639cdbb363b188594f,holger krekel,2010-01-11 14:30:50 +0100,,testing/code/test_excinfo.py,1,1
3a23baf484804a6eb6f4be537b4d59126747d1b1,holger krekel,2010-01-10 22:10:45 +0100,,setup.py,1,2
9fcd108091490d6e3640c04bb0757a70f86c1d1d,holger krekel,2010-01-03 14:19:31 +0100,,setup.py,13,12
0b2d9a5520e26198d937ce42ba231c83c44156cc,holger krekel,2010-01-03 11:42:26 +0100,,setup.py,2,2
77b640d1b7416dcffebfaa7d1ba11b491d89bc3a,holger krekel,2009-12-29 22:26:03 +0100,,testing/code/test_excinfo.py;testing/code/test_source.py,48;1,58;2
f254b6f7c1e96c1de3e84a453ab399ad4eaf6e01,holger krekel,2009-12-24 19:43:14 +0100,,setup.py,1,1
1580b2c8da9902dfbca55b629ab4533a70c45ff2,holger krekel,2009-12-23 19:58:52 +0100,,setup.py,27,9
f4ec2d1ecdf561b75d609d9b26ce8859be464b92,holger krekel,2009-11-12 13:10:30 +0100,,setup.py,1,1
a5a94c4e8f4dd8dfd5059aa1b50ff734aee459f8,holger krekel,2009-11-05 03:18:55 +0100,,setup.py,2,3
b04a04cabdf6efe3c867ed4437342e3380888085,holger krekel,2009-11-04 21:34:07 +0100,,setup.py;testing/code/test_code.py;testing/code/test_excinfo.py;testing/code/test_source.py,13;2;1;5,12;2;1;5
270ac2bc0d7b2d6f602f4d56e2943c4d0248c0e8,holger krekel,2009-10-29 12:45:12 +0100,,setup.py,7,22
cc156850151f00e4346bf2a957f96139ecd11c88,holger krekel,2009-10-29 12:25:47 +0100,,setup.py,8,13
d2e6cd05233cbb2975b7a62763f358332612701c,holger krekel,2009-10-27 21:34:11 +0100,,testing/code/test_code.py;testing/code/test_excinfo.py,6;1,0;1
33bd39053f9b80cacc59f1424f1b0ffcf5f96c72,holger krekel,2009-10-27 21:31:42 +0100,,testing/code/test_excinfo.py,1,1
d8b9b5f1c83adf19e3dc034018fa986d4475aaac,holger krekel,2009-10-15 20:10:06 +0200,,testing/code/test_source.py,1,3
6e11f8cd2a8afed511495285b4c126e128bf9a31,holger krekel,2009-10-03 19:57:48 +0200,,setup.py,3,5
5791c06bf2d46adfd31cbc1048864ce4d38ecb21,holger krekel,2009-10-03 01:47:39 +0200,,setup.py;testing/code/test_code.py;testing/code/test_excinfo.py;testing/code/test_source.py,27;2;3;5,32;2;3;5
db1ff489962c1017c4c595d3f8201a5beef66e0c,holger krekel,2009-10-03 01:11:04 +0200,,setup.py,4,4
ab9f6a75adc14a31436a60214e165e1915a65fef,holger krekel,2009-10-02 16:58:57 +0200,,setup.py,4,8
81062c5e2f65841bf7d488ca1285b8c388022207,Benjamin Peterson,2009-09-11 15:24:43 -0500,,testing/code/test_source.py,5,5
29d437489d09ebbcc18450e8be35cb290297eca9,holger krekel,2009-09-07 14:59:26 +0200,,testing/code/test_code.py,1,1
3c3002ccd55791a73dffc39f904515e16a19767b,holger krekel,2009-09-06 17:17:37 +0200,,setup.py,5,39
130046d2455fff554468dc144dacbd81e16049cb,Benjamin Peterson,2009-08-28 18:51:14 -0500,,setup.py,1,3
c981ead40e818f3bbb0512e825bba6c12b277582,holger krekel,2009-08-27 11:50:17 +0200,,setup.py,1,1
3be875bfd22d1a5f5538ba08828c107eba53e68c,holger krekel,2009-08-26 19:09:52 +0200,,setup.py,1,1
c024dc6417b4648be44ea57a0c5757222e7610b8,holger krekel,2009-08-26 11:09:55 +0200,,setup.py,1,1
d43d69e3db2a0353bacfd51ff263acce002b6882,holger krekel,2009-08-25 16:14:15 +0200,,setup.py,7,10
f3fcb5e6d3c8ed4557e44a30a758c7c5df7461ad,holger krekel,2009-08-20 19:43:13 +0200,,setup.py,1,2
079a2327ec770122529c9f79467f73fe87a64143,holger krekel,2009-08-20 16:41:44 +0200,,setup.py,2,2
36288223b4c65511e003a26a842e3f52c1744eee,holger krekel,2009-08-19 17:12:02 +0200,,setup.py,0,2
36189a7aa7bcd61e1caebf557b3087f17c2257e5,holger krekel,2009-08-18 19:04:57 +0200,,setup.py,1,1
38180ffa5fb726fd6ec953eecc1a19d230d073c0,holger krekel,2009-08-17 16:46:19 +0200,,setup.py,1,1
afc8e6bd91934f92fa8b97abc86f7057dd63c992,holger krekel,2009-08-06 14:49:55 +0200,,setup.py,1,1
a94afc6b5efa730fbd647d75f1e00d7debe656b7,holger krekel,2009-08-04 12:02:38 +0200,,setup.py,1,1
8c8617c35458120f8460e2e33f49e1d557992ffb,holger krekel,2009-08-04 12:00:04 +0200,,setup.py,1,1
1a570011fec48c2a71092408b18869a7b8ba013b,holger krekel,2009-08-03 16:01:32 +0200,,setup.py,1,1
875ebc18ef7826705a8d82c0ecace5bef427fc87,holger krekel,2009-07-23 20:16:27 +0200,,setup.py,1,1
64a50755454faa292225a3438392a00e9562a7fa,holger krekel,2009-07-14 21:36:51 +0200,,setup.py,2,1
88a0714dfac0dea34f16d0a96d9e30ffd0eeb477,holger krekel,2009-07-08 16:41:30 +0200,,setup.py,4,4
2113645e11d73c2c1f070ef108f784ed24cea65f,holger krekel,2009-07-01 16:34:21 +0100,,setup.py,2,6
d056149b67a3e6c2d3319331f8501222c29722da,holger krekel,2009-06-30 11:42:57 +0100,,setup.py,1,3
bd8f68555d92f58a566d7d160d3970406ed4ddb1,holger krekel,2009-06-28 13:19:43 +0200,,setup.py,2,5
e412f695dd53d6856a6f321d25b700b9cc19ce2f,holger krekel,2009-06-24 18:02:41 +0200,,setup.py,4,4
250d58729d22c3a81a2fff80010a0e1f1dfcbdfe,holger krekel,2009-06-24 17:47:29 +0200,,setup.py,1,1
e6210806fe976ee18a506bbbfa2121960c37c4a1,holger krekel,2009-06-24 17:23:09 +0200,,setup.py,3,4
a137b6237022cdc7adb6e86e79cb9d1bb6f979bf,holger krekel,2009-06-24 16:57:55 +0200,,setup.py,49,8
49c4027df33daf58b60e2206bce8337e04170cf4,holger krekel,2009-06-24 16:20:14 +0200,,setup.py,51,9
5d0fd33b64f983cd401f541142f49f0c2f24bd2c,holger krekel,2009-06-23 12:19:55 +0200,,setup.py,7,97
a07d1a4391f01d22b02b07a648a8097272a1e3ec,holger krekel,2009-06-23 12:12:45 +0200,,setup.py,11,5
53dc59511391a8a7d4cf2f9a3ce0b0fb8adc31df,holger krekel,2009-06-19 13:05:44 +0200,,setup.py,1,1
bcb30d1c7a66c36f2178288429cca2931e7971f2,holger krekel,2009-06-17 21:08:19 +0200,,setup.py,18,16
169691ec5c70417e1701e9a985595f6d9dd206b8,holger krekel,2009-05-21 16:16:22 +0200,,setup.py,3,4
4157de8aafa755ccb68240ec9ce83644adc0ceb0,hpk,2009-04-15 12:11:39 +0200,,setup.py,1,1
6b1b3a349461e189069245edf8c72df53d4df3fc,holger krekel,2009-04-14 23:01:46 +0200,,setup.py,1,1
9c6e5aa7eb0125616532be04fa9b74599c9f9549,hpk,2009-04-13 01:05:08 +0200,,setup.py,12,14
575935a4aa5e031d2f11efdce9851d3ab861f062,hpk,2009-04-02 19:34:16 +0200,,setup.py,2,34
a72ab92ed6c732d67cdc72a7b770c88d50e50533,hpk,2009-04-02 15:24:02 +0200,,setup.py,7,9
90616cd194533269051a546835bebc3b0d14b642,hpk,2009-03-26 13:51:47 +0100,,setup.py,3,3
2c0ec27d1aa883e5845b11010ba4a675d3a80db2,hpk,2009-03-26 13:22:04 +0100,,setup.py,2,2
9b5e15bebeb085ebb65c204cbf3e88ee2329dae7,hpk,2009-03-26 12:15:14 +0100,,setup.py,1,1
c6ee2b0d52bc4e7a28017e3b4ca50ea3eb745349,hpk,2009-03-26 10:48:10 +0100,,setup.py,2,25
1930f50bc2030eb940798ca4ae8837ab0da839a9,hpk,2009-03-25 12:50:57 +0100,,setup.py,8,5
d203d47b4dde328aad914ed86372d559a796d055,hpk,2009-03-23 17:03:10 +0100,,setup.py,6,12
d1016d7800d833b3ec367bd635219431893800aa,hpk,2009-03-23 16:30:32 +0100,,setup.py,4,4
98ebf16c783c046f78d31ad25d65346d80225c0d,hpk,2009-03-23 16:24:30 +0100,,setup.py,3,5
1fc92407e9162eecc1b2eb2c1185bffcad6b780f,hpk,2009-03-23 16:17:49 +0100,,setup.py,2,7
743af50fd700ac5a0301cdb06dddc122f3ec246b,hpk,2009-03-23 11:06:32 +0100,,setup.py,1,1
83e65a310e364afde419ce1e7265b4576c5c268e,hpk,2009-03-23 01:59:18 +0100,,setup.py,1,2
7e2ffb61e8ffa631c3ce800485d119d147b540da,hpk,2009-03-23 01:38:17 +0100,,setup.py,18,12
074788e5806c7f95f43d5c9f13bacbf6b7f90a64,hpk,2009-03-21 03:21:45 +0100,,setup.py,20,17
5cbc7f34db5ce5981a488d539f2e9caaee1be0a9,pedronis,2009-03-08 22:08:01 +0100,,setup.py,1,15
1bd4afee0b402b969eb6f3cdf59a3cede489800d,hpk,2008-10-06 21:50:35 +0200,,setup.py,5,2
71945dc1cc1532d594c855ebeed0a962a96fee92,hpk,2008-09-09 20:56:18 +0200,,setup.py,0,5
9f81afdd9749e735b3e165821272e8b37218e778,hpk,2008-09-02 14:26:22 +0200,,setup.py,1,6
0dbe04abcb73bfa5d6262babf1bd205c8059290f,hpk,2008-08-22 15:41:17 +0200,,setup.py,1,1
162160acafca6de1f32810098c2d51ed4f6f070f,hpk,2008-08-21 15:26:31 +0200,,setup.py,2,1
a999dc84721e15c169a26f61674d32d5b30a6ce6,hpk,2008-08-21 12:18:58 +0200,,setup.py,45,111
620805c4d2caf565973ef0a6380ccca9403133ed,hpk,2008-08-19 19:34:19 +0200,,setup.py,106,13
4115e975d1d6bb33d3a6d671b82dabaafd0a50ce,hpk,2008-08-18 17:08:39 +0200,,setup.py,207,3
ba2dcf16bda47ee3d346edf1d44632c7ef40bdca,hpk,2007-01-31 23:23:24 +0100,,setup.py,3,2
5992a8ef21424d7571305a8d7e2a3431ee7e1e23,hpk,2007-01-24 15:24:01 +0100,,setup.py,2,0
